
                  \u001B[38;2;0;0;0m░\u001B[38;2;0;0;0m░\u001B[38;2;0;0;0m░\u001B[38;2;0;0;0m░
        \u001B[38;2;0;0;0m░\u001B[38;2;0;0;0m░\u001B[38;2;0;0;0m░\u001B[38;2;255;255;255m░\u001B[38;2;255;255;255m░\u001B[38;2;255;255;255m░\u001B[38;2;255;239;227m░\u001B[38;2;255;239;225m░\u001B[38;2;255;235;222m░\u001B[38;2;255;224;210m░\u001B[38;2;255;230;217m░\u001B[38;2;255;235;221m░\u001B[38;2;255;241;226m░ \u001B[38;2;0;0;0m░\u001B[38;2;0;0;0m░\u001B[38;2;0;0;0m░                  \u001B[38;2;0;0;0m▒\u001B[38;2;0;0;0m▒\u001B[38;2;0;0;0m▒\u001B[38;2;0;0;0m▒\u001B[38;2;0;0;0m▒\u001B[38;2;0;0;0m▒\u001B[38;2;0;0;0m▒\u001B[38;2;0;0;0m▒\u001B[38;2;0;0;0m▒\u001B[38;2;0;0;0m▒\u001B[38;2;0;0;0m▒\u001B[38;2;0;0;0m▓\u001B[38;2;0;0;0m▓
      \u001B[38;2;0;0;0m░\u001B[38;2;0;0;0m░\u001B[38;2;255;220;206m░\u001B[38;2;255;212;198m░\u001B[38;2;255;255;255m░\u001B[38;2;255;255;255m░\u001B[38;2;255;218;208m░\u001B[38;2;255;178;169m░\u001B[38;2;255;172;164m░\u001B[38;2;255;174;165m░\u001B[38;2;255;173;163m░\u001B[38;2;255;179;167m░\u001B[38;2;255;182;171m░\u001B[38;2;255;192;187m░\u001B[38;2;255;197;197m░  \u001B[38;2;255;227;214m░\u001B[38;2;255;224;207m░\u001B[38;2;255;224;208m░\u001B[38;2;255;223;206m░\u001B[38;2;255;225;208m░\u001B[38;2;255;183;170m░           \u001B[38;2;0;0;0m▒\u001B[38;2;0;0;0m▒\u001B[38;2;249;192;190m░\u001B[38;2;249;192;190m░\u001B[38;2;249;192;190m░\u001B[38;2;249;192;190m░\u001B[38;2;249;192;190m▒\u001B[38;2;228;159;156m▒\u001B[38;2;219;145;142m▒\u001B[38;2;221;147;144m▒\u001B[38;2;0;0;0m▒\u001B[38;2;0;0;0m▒\u001B[38;2;0;0;0m▒
 \u001B[38;2;0;0;0m░   \u001B[38;2;255;221;211m░\u001B[38;2;255;204;195m░\u001B[38;2;255;181;171m░\u001B[38;2;255;222;209m░\u001B[38;2;255;214;200m░\u001B[38;2;255;163;153m░\u001B[38;2;255;217;203m░\u001B[38;2;255;211;198m░\u001B[38;2;255;176;167m░\u001B[38;2;255;178;170m░\u001B[38;2;255;171;158m░\u001B[38;2;255;180;172m░\u001B[38;2;255;228;215m░\u001B[38;2;255;231;216m░\u001B[38;2;255;183;173m░\u001B[38;2;255;232;215m░\u001B[38;2;255;184;173m░\u001B[38;2;255;199;190m░\u001B[38;2;255;198;181m░\u001B[38;2;255;179;164m░\u001B[38;2;255;181;164m░\u001B[38;2;255;241;221m░\u001B[38;2;255;228;210m░\u001B[38;2;255;232;213m░\u001B[38;2;255;232;215m░\u001B[38;2;255;179;155m▒       \u001B[38;2;0;0;0m▒\u001B[38;2;185;178;176m░\u001B[38;2;224;216;214m░\u001B[38;2;255;255;208m░\u001B[38;2;169;130;112m░\u001B[38;2;220;146;143m▒\u001B[38;2;249;192;190m▒\u001B[38;2;255;255;255m░\u001B[38;2;255;255;255m░\u001B[38;2;255;255;255m░\u001B[38;2;255;255;255m░\u001B[38;2;255;255;255m░\u001B[38;2;255;236;231m░\u001B[38;2;255;234;229m░\u001B[38;2;255;234;230m░\u001B[38;2;0;0;0m░\u001B[38;2;0;0;0m░\u001B[38;2;0;0;0m░
 \u001B[38;2;0;0;0m░\u001B[38;2;250;218;211m░\u001B[38;2;0;0;0m░\u001B[38;2;203;0;0m░\u001B[38;2;255;216;202m░\u001B[38;2;255;220;210m░\u001B[38;2;255;255;255m░\u001B[38;2;255;255;255m░\u001B[38;2;255;255;255m░\u001B[38;2;255;255;255m░\u001B[38;2;255;226;211m░\u001B[38;2;248;183;175m░    \u001B[38;2;255;195;188m░\u001B[38;2;255;196;189m░\u001B[38;2;255;210;207m░\u001B[38;2;255;203;192m░\u001B[38;2;255;255;255m░\u001B[38;2;255;255;255m░\u001B[38;2;255;201;180m░\u001B[38;2;255;201;180m░\u001B[38;2;255;201;180m░\u001B[38;2;255;254;234m░\u001B[38;2;255;255;233m░\u001B[38;2;255;250;229m░\u001B[38;2;255;195;175m░\u001B[38;2;255;191;172m░     \u001B[38;2;0;0;0m░\u001B[38;2;249;192;190m░\u001B[38;2;178;171;169m▒\u001B[38;2;174;167;165m▒\u001B[38;2;174;167;165m▒\u001B[38;2;174;167;165m▒\u001B[38;2;174;167;165m▒\u001B[38;2;186;179;177m▒\u001B[38;2;180;173;171m▒\u001B[38;2;183;176;174m▒\u001B[38;2;255;255;255m▒\u001B[38;2;249;192;190m░\u001B[38;2;255;255;255m░\u001B[38;2;255;255;255m░\u001B[38;2;255;215;213m░\u001B[38;2;255;229;225m▒\u001B[38;2;255;230;226m░\u001B[38;2;255;229;225m░\u001B[38;2;255;199;195m░\u001B[38;2;255;255;255m░\u001B[38;2;0;0;0m░\u001B[38;2;0;0;0m░  \u001B[38;2;0;0;0m░\u001B[38;2;0;0;0m░
  \u001B[38;2;0;0;0m░\u001B[38;2;228;160;160m░\u001B[38;2;244;175;173m░\u001B[38;2;255;230;216m░\u001B[38;2;255;255;253m░ \u001B[38;2;255;255;255m░\u001B[38;2;255;255;255m░\u001B[38;2;255;255;255m░\u001B[38;2;255;255;255m░ \u001B[38;2;244;183;176m░\u001B[38;2;255;217;203m░   \u001B[38;2;255;185;179m░\u001B[38;2;255;193;185m░\u001B[38;2;255;188;181m░\u001B[38;2;255;177;161m░\u001B[38;2;255;238;218m░\u001B[38;2;255;205;185m░\u001B[38;2;255;213;190m░\u001B[38;2;255;220;195m░\u001B[38;2;255;213;191m░\u001B[38;2;255;211;191m░\u001B[38;2;255;217;198m░\u001B[38;2;255;199;180m░\u001B[38;2;255;197;175m░\u001B[38;2;255;190;164m░   \u001B[38;2;0;0;0m░\u001B[38;2;255;255;255m░\u001B[38;2;111;91;88m▓\u001B[38;2;90;73;70m▓\u001B[38;2;89;73;71m▓\u001B[38;2;147;138;137m▓\u001B[38;2;137;126;124m▓\u001B[38;2;108;87;84m▓\u001B[38;2;176;169;167m▓\u001B[38;2;177;170;168m▓\u001B[38;2;177;170;168m▒\u001B[38;2;176;169;167m▒\u001B[38;2;249;192;190m▒\u001B[38;2;249;192;190m▒\u001B[38;2;224;153;150m▒\u001B[38;2;249;192;190m░\u001B[38;2;253;196;194m▒\u001B[38;2;108;87;84m▓\u001B[38;2;116;103;101m▓\u001B[38;2;108;87;84m▓\u001B[38;2;220;212;210m▒\u001B[38;2;224;243;206m▒\u001B[38;2;229;246;212m░\u001B[38;2;240;255;226m░\u001B[38;2;240;255;226m░\u001B[38;2;0;0;0m░
  \u001B[38;2;0;0;0m░\u001B[38;2;255;197;180m░\u001B[38;2;252;138;127m▒\u001B[38;2;255;184;173m░\u001B[38;2;255;233;223m░\u001B[38;2;255;255;255m░\u001B[38;2;255;255;255m░\u001B[38;2;229;229;244m░\u001B[38;2;227;227;243m░\u001B[38;2;255;255;255m░\u001B[38;2;255;255;255m░ \u001B[38;2;0;0;0m░\u001B[38;2;255;214;199m░\u001B[38;2;0;0;0m░  \u001B[38;2;255;177;164m▒\u001B[38;2;255;178;165m░\u001B[38;2;255;171;154m▒\u001B[38;2;255;183;168m░\u001B[38;2;255;231;209m░\u001B[38;2;255;208;187m░\u001B[38;2;255;210;188m░\u001B[38;2;255;211;189m░\u001B[38;2;255;212;193m░\u001B[38;2;255;209;189m░\u001B[38;2;255;243;226m░\u001B[38;2;255;207;180m░\u001B[38;2;255;205;185m░\u001B[38;2;255;201;173m▒\u001B[38;2;242;252;225m░\u001B[38;2;0;0;0m░\u001B[38;2;0;0;0m░\u001B[38;2;219;146;143m▒\u001B[38;2;151;131;128m▒\u001B[38;2;93;73;69m▓\u001B[38;2;255;254;189m▒\u001B[38;2;255;248;181m▒\u001B[38;2;166;137;79m▒\u001B[38;2;170;143;85m▒\u001B[38;2;174;149;91m▒\u001B[38;2;95;70;58m▓\u001B[38;2;199;142;74m▒\u001B[38;2;193;136;67m▒\u001B[38;2;135;125;123m▓\u001B[38;2;249;192;190m▒\u001B[38;2;223;151;148m▒\u001B[38;2;249;192;190m░\u001B[38;2;249;192;190m▒\u001B[38;2;249;192;190m░\u001B[38;2;182;126;61m▒\u001B[38;2;204;229;182m░\u001B[38;2;206;231;185m░\u001B[38;2;216;238;197m▒\u001B[38;2;166;134;87m▒\u001B[38;2;156;121;73m▒\u001B[38;2;0;0;0m▒\u001B[38;2;0;0;0m▒\u001B[38;2;0;0;0m▒\u001B[38;2;0;0;0m▓
 \u001B[38;2;164;60;6m▒\u001B[38;2;213;136;129m▒\u001B[38;2;246;131;117m▒\u001B[38;2;249;134;122m▒\u001B[38;2;255;190;175m░\u001B[38;2;255;198;186m▒\u001B[38;2;255;196;185m░\u001B[38;2;255;215;200m░\u001B[38;2;214;207;230m░\u001B[38;2;226;226;243m░\u001B[38;2;235;235;247m░\u001B[38;2;255;255;255m░\u001B[38;2;0;0;0m░\u001B[38;2;0;0;0m░\u001B[38;2;0;0;0m░\u001B[38;2;255;206;192m░\u001B[38;2;255;196;182m░\u001B[38;2;244;172;160m▒\u001B[38;2;246;167;153m▒\u001B[38;2;245;164;155m▒\u001B[38;2;255;162;148m▒\u001B[38;2;255;168;152m░\u001B[38;2;255;219;200m░\u001B[38;2;255;195;179m░\u001B[38;2;255;197;180m░\u001B[38;2;255;203;185m░\u001B[38;2;255;206;187m░\u001B[38;2;255;207;190m░\u001B[38;2;255;202;186m░\u001B[38;2;255;200;173m░\u001B[38;2;255;203;177m░ \u001B[38;2;255;255;255m▒\u001B[38;2;251;192;188m▒\u001B[38;2;219;146;143m▒\u001B[38;2;220;146;143m▒\u001B[38;2;212;190;187m▒\u001B[38;2;85;62;58m▒\u001B[38;2;175;150;149m▓\u001B[38;2;166;138;80m▒\u001B[38;2;167;139;81m▒\u001B[38;2;227;216;169m░\u001B[38;2;232;223;180m░\u001B[38;2;232;223;180m░\u001B[38;2;255;255;255m░\u001B[38;2;212;162;38m▒\u001B[38;2;255;255;255m▒\u001B[38;2;109;63;33m▒\u001B[38;2;173;93;90m▒\u001B[38;2;224;152;149m▒\u001B[38;2;249;192;190m▒\u001B[38;2;220;147;144m▒\u001B[38;2;249;192;190m▒\u001B[38;2;201;227;178m▒\u001B[38;2;218;203;157m▒\u001B[38;2;174;146;99m▒\u001B[38;2;204;229;182m░\u001B[38;2;187;109;105m▒\u001B[38;2;0;0;0m▒
\u001B[38;2;200;135;129m▒\u001B[38;2;200;133;125m▒\u001B[38;2;220;128;120m▒\u001B[38;2;242;126;114m░\u001B[38;2;251;167;152m▒\u001B[38;2;255;179;164m▒\u001B[38;2;229;145;145m▒\u001B[38;2;238;192;186m░\u001B[38;2;255;198;185m▒\u001B[38;2;195;181;198m▒\u001B[38;2;229;229;243m░\u001B[38;2;241;241;249m░\u001B[38;2;255;255;255m░\u001B[38;2;255;255;255m░\u001B[38;2;255;255;255m░\u001B[38;2;238;238;247m░\u001B[38;2;0;0;0m▒\u001B[38;2;255;189;173m░\u001B[38;2;191;135;109m▒\u001B[38;2;226;150;150m▒\u001B[38;2;233;152;144m▒\u001B[38;2;255;194;184m░\u001B[38;2;255;206;189m░\u001B[38;2;255;203;189m░\u001B[38;2;255;199;187m░\u001B[38;2;255;234;217m░\u001B[38;2;255;202;184m░\u001B[38;2;255;207;185m░\u001B[38;2;255;208;186m░\u001B[38;2;255;199;179m░\u001B[38;2;255;188;164m░  \u001B[38;2;0;0;0m▒\u001B[38;2;226;151;148m▒\u001B[38;2;223;151;148m▒\u001B[38;2;212;139;137m▓\u001B[38;2;202;178;175m▒\u001B[38;2;132;114;90m▓\u001B[38;2;182;159;159m▒\u001B[38;2;67;21;0m▓\u001B[38;2;125;93;81m▓\u001B[38;2;228;216;170m░\u001B[38;2;252;254;230m░\u001B[38;2;252;254;230m░\u001B[38;2;252;254;230m░\u001B[38;2;253;255;230m░\u001B[38;2;253;255;230m░\u001B[38;2;237;180;189m░\u001B[38;2;253;255;230m▒\u001B[38;2;227;157;154m▒\u001B[38;2;249;192;190m▒\u001B[38;2;249;192;190m▒\u001B[38;2;219;145;142m▒\u001B[38;2;202;172;113m▒\u001B[38;2;230;219;175m░\u001B[38;2;201;227;179m▒\u001B[38;2;169;89;84m▒\u001B[38;2;168;88;84m▒\u001B[38;2;219;145;142m▒\u001B[38;2;0;0;0m▒\u001B[38;2;0;0;0m░\u001B[38;2;0;0;0m░\u001B[38;2;0;0;0m░\u001B[38;2;0;0;0m░\u001B[38;2;0;0;0m▒
\u001B[38;2;202;135;126m▒\u001B[38;2;209;130;123m▒\u001B[38;2;227;117;106m▒\u001B[38;2;255;245;244m░\u001B[38;2;251;172;156m▒\u001B[38;2;237;155;143m▒\u001B[38;2;202;121;125m▒\u001B[38;2;223;166;157m▒\u001B[38;2;208;160;151m▒\u001B[38;2;158;152;174m▒\u001B[38;2;211;192;206m░\u001B[38;2;235;233;243m░\u001B[38;2;255;200;188m░\u001B[38;2;255;255;255m░\u001B[38;2;255;255;255m░\u001B[38;2;255;255;255m░\u001B[38;2;249;249;252m░\u001B[38;2;227;226;242m░\u001B[38;2;222;221;239m▒\u001B[38;2;211;136;131m▒\u001B[38;2;209;144;132m▒\u001B[38;2;227;144;137m░\u001B[38;2;255;201;184m░\u001B[38;2;255;210;193m░\u001B[38;2;255;213;196m░\u001B[38;2;255;222;205m░\u001B[38;2;255;195;180m░\u001B[38;2;255;202;181m░\u001B[38;2;255;200;182m░\u001B[38;2;255;177;153m░ \u001B[38;2;255;194;159m▒\u001B[38;2;0;0;0m▒\u001B[38;2;255;0;0m▒\u001B[38;2;227;156;153m▒\u001B[38;2;250;194;192m▒\u001B[38;2;179;99;95m▒\u001B[38;2;208;140;137m▒\u001B[38;2;195;138;69m▓\u001B[38;2;220;206;206m▒\u001B[38;2;226;188;60m░\u001B[38;2;252;254;229m▒\u001B[38;2;252;254;230m░\u001B[38;2;252;254;230m░\u001B[38;2;252;254;230m░\u001B[38;2;252;254;230m░\u001B[38;2;252;254;230m░\u001B[38;2;253;255;230m░\u001B[38;2;253;255;230m░\u001B[38;2;253;255;230m░\u001B[38;2;182;105;101m▒\u001B[38;2;168;88;84m▓\u001B[38;2;249;192;190m░\u001B[38;2;225;154;151m▒\u001B[38;2;229;218;172m▒\u001B[38;2;194;222;170m░\u001B[38;2;194;222;170m▒\u001B[38;2;239;232;196m▒\u001B[38;2;154;189;127m░\u001B[38;2;171;202;146m░\u001B[38;2;248;245;216m░\u001B[38;2;0;0;0m▒
\u001B[38;2;201;130;130m▒\u001B[38;2;204;132;124m▒\u001B[38;2;229;115;104m▒\u001B[38;2;252;245;245m░\u001B[38;2;248;170;155m▒\u001B[38;2;232;154;142m▒\u001B[38;2;230;155;143m▒\u001B[38;2;246;164;148m▒\u001B[38;2;243;162;146m▒\u001B[38;2;212;154;150m▒\u001B[38;2;194;151;157m▒\u001B[38;2;246;210;206m░\u001B[38;2;252;249;249m░\u001B[38;2;252;250;250m░\u001B[38;2;248;234;230m░\u001B[38;2;253;252;252m░\u001B[38;2;250;246;246m░\u001B[38;2;246;237;236m░\u001B[38;2;245;232;231m░\u001B[38;2;220;218;235m░\u001B[38;2;207;144;126m▒\u001B[38;2;255;190;173m░\u001B[38;2;255;199;183m░\u001B[38;2;255;205;188m░\u001B[38;2;255;211;195m░\u001B[38;2;255;214;197m░\u001B[38;2;255;169;158m░\u001B[38;2;255;232;214m░\u001B[38;2;255;232;216m░\u001B[38;2;255;235;220m░\u001B[38;2;255;151;113m▒\u001B[38;2;255;0;0m▒ \u001B[38;2;0;0;0m▓\u001B[38;2;224;152;149m▒\u001B[38;2;0;0;0m▓\u001B[38;2;0;0;0m▒\u001B[38;2;0;0;0m▓\u001B[38;2;219;145;142m▒\u001B[38;2;32;6;9m▓\u001B[38;2;253;255;230m░\u001B[38;2;253;255;230m░\u001B[38;2;253;255;230m░\u001B[38;2;252;254;230m▒\u001B[38;2;252;254;230m▓\u001B[38;2;252;254;230m▓\u001B[38;2;253;255;230m▒\u001B[38;2;253;255;230m░\u001B[38;2;253;255;230m░\u001B[38;2;253;255;230m░\u001B[38;2;184;105;102m▓\u001B[38;2;177;98;94m▒\u001B[38;2;249;192;190m░\u001B[38;2;145;180;118m▒\u001B[38;2;205;177;121m▒\u001B[38;2;204;177;122m▒\u001B[38;2;241;235;200m░\u001B[38;2;252;254;229m░\u001B[38;2;253;254;230m▒\u001B[38;2;0;0;0m▓\u001B[38;2;175;95;92m▓\u001B[38;2;221;148;145m▒\u001B[38;2;222;150;147m▒\u001B[38;2;0;0;0m▒\u001B[38;2;0;0;0m▒\u001B[38;2;0;0;0m▒
\u001B[38;2;207;148;143m▒\u001B[38;2;231;146;140m▒\u001B[38;2;255;157;148m▒\u001B[38;2;255;184;172m▒\u001B[38;2;244;163;152m░\u001B[38;2;236;156;145m▒\u001B[38;2;193;112;120m▒\u001B[38;2;202;123;126m▒\u001B[38;2;246;168;152m▒\u001B[38;2;178;124;129m▒\u001B[38;2;167;118;126m▒\u001B[38;2;227;169;173m░\u001B[38;2;255;255;255m░\u001B[38;2;249;191;178m░\u001B[38;2;249;244;243m░\u001B[38;2;243;216;211m░\u001B[38;2;242;223;221m░\u001B[38;2;244;229;227m░\u001B[38;2;245;215;212m░\u001B[38;2;243;234;235m░\u001B[38;2;243;233;236m░\u001B[38;2;244;244;251m░\u001B[38;2;255;192;176m░\u001B[38;2;255;195;180m░\u001B[38;2;255;255;255m░\u001B[38;2;255;214;199m░\u001B[38;2;255;179;167m░\u001B[38;2;255;188;182m░\u001B[38;2;255;209;200m░\u001B[38;2;255;203;189m░  \u001B[38;2;0;0;0m░\u001B[38;2;0;0;0m░\u001B[38;2;255;255;248m░\u001B[38;2;0;0;0m▒ \u001B[38;2;0;0;0m▒\u001B[38;2;218;144;141m▒\u001B[38;2;176;96;93m▒\u001B[38;2;253;255;230m░\u001B[38;2;253;255;230m░\u001B[38;2;253;255;230m░\u001B[38;2;253;255;230m▒\u001B[38;2;233;119;132m▓\u001B[38;2;232;119;131m▒\u001B[38;2;220;95;108m▒\u001B[38;2;219;94;107m▒\u001B[38;2;253;255;230m░\u001B[38;2;253;255;230m░\u001B[38;2;254;255;231m▒\u001B[38;2;249;192;190m▒\u001B[38;2;249;192;190m▒\u001B[38;2;201;227;178m▒\u001B[38;2;201;227;178m░\u001B[38;2;187;162;110m▒\u001B[38;2;218;144;141m▒\u001B[38;2;169;88;84m▒\u001B[38;2;218;144;141m▒\u001B[38;2;0;0;0m▒
 \u001B[38;2;255;178;171m░\u001B[38;2;255;205;198m░\u001B[38;2;255;191;180m░\u001B[38;2;255;182;170m░\u001B[38;2;255;176;165m░\u001B[38;2;250;170;160m░\u001B[38;2;210;128;134m▒\u001B[38;2;206;124;130m▒\u001B[38;2;181;125;131m▒\u001B[38;2;171;121;128m▒\u001B[38;2;170;124;139m▒\u001B[38;2;239;176;172m░\u001B[38;2;252;215;204m░\u001B[38;2;251;213;203m░\u001B[38;2;249;192;180m░\u001B[38;2;248;189;176m░\u001B[38;2;249;185;172m░\u001B[38;2;245;213;210m░\u001B[38;2;246;214;210m░\u001B[38;2;240;210;207m░\u001B[38;2;250;221;218m░\u001B[38;2;251;224;224m░\u001B[38;2;229;214;226m░\u001B[38;2;255;255;255m░\u001B[38;2;255;235;218m░\u001B[38;2;255;196;185m░\u001B[38;2;255;209;200m░\u001B[38;2;255;215;211m░\u001B[38;2;255;237;226m░\u001B[38;2;255;229;218m░\u001B[38;2;255;255;243m░  \u001B[38;2;255;255;252m░\u001B[38;2;255;255;255m░ \u001B[38;2;0;0;0m▓\u001B[38;2;0;0;0m▓\u001B[38;2;219;145;142m▒\u001B[38;2;174;95;91m▓\u001B[38;2;253;255;230m▒\u001B[38;2;253;255;230m░\u001B[38;2;253;255;230m░\u001B[38;2;253;255;230m░\u001B[38;2;255;249;245m░\u001B[38;2;255;249;245m░\u001B[38;2;234;225;184m░\u001B[38;2;228;217;171m░\u001B[38;2;229;218;173m▒\u001B[38;2;234;164;180m▒\u001B[38;2;249;192;190m▒\u001B[38;2;168;87;83m▒\u001B[38;2;168;87;83m▓\u001B[38;2;219;145;142m▒\u001B[38;2;219;145;142m▒\u001B[38;2;0;0;0m▓\u001B[38;2;0;0;0m▓\u001B[38;2;0;0;0m▓\u001B[38;2;0;0;0m▓\u001B[38;2;0;0;0m▓
 \u001B[38;2;255;193;186m░\u001B[38;2;255;194;187m░\u001B[38;2;255;187;181m░\u001B[38;2;255;223;215m░\u001B[38;2;255;221;209m░\u001B[38;2;255;212;197m░\u001B[38;2;255;199;184m░\u001B[38;2;255;202;188m░\u001B[38;2;254;192;178m▒\u001B[38;2;162;115;127m▒\u001B[38;2;155;111;126m▒\u001B[38;2;211;175;198m▒\u001B[38;2;210;186;202m░\u001B[38;2;247;230;228m░\u001B[38;2;246;229;227m░\u001B[38;2;242;221;218m░\u001B[38;2;242;219;215m░\u001B[38;2;255;255;255m░\u001B[38;2;255;255;255m░\u001B[38;2;255;255;255m░\u001B[38;2;251;199;185m░\u001B[38;2;250;211;197m░\u001B[38;2;254;226;212m░\u001B[38;2;254;254;246m░\u001B[38;2;254;254;253m░\u001B[38;2;255;255;242m░\u001B[38;2;255;255;255m░\u001B[38;2;255;255;255m░\u001B[38;2;255;255;254m░\u001B[38;2;255;253;243m░ \u001B[38;2;255;255;255m░\u001B[38;2;255;255;248m░\u001B[38;2;255;255;255m░\u001B[38;2;0;0;0m▒\u001B[38;2;255;255;255m▒\u001B[38;2;255;255;255m░\u001B[38;2;179;140;184m▒\u001B[38;2;179;140;184m▒\u001B[38;2;179;140;184m▓\u001B[38;2;226;215;168m▒\u001B[38;2;228;216;169m░\u001B[38;2;209;185;131m▒\u001B[38;2;232;223;181m▒\u001B[38;2;230;219;174m▒\u001B[38;2;228;217;171m▒\u001B[38;2;227;216;169m▒\u001B[38;2;232;223;180m░\u001B[38;2;229;218;173m░\u001B[38;2;249;192;190m▒\u001B[38;2;249;192;190m▒\u001B[38;2;168;87;83m▓\u001B[38;2;168;87;83m▓\u001B[38;2;0;0;0m▓\u001B[38;2;219;145;142m▓\u001B[38;2;0;0;0m▓
  \u001B[38;2;255;199;191m░\u001B[38;2;255;194;190m░\u001B[38;2;255;234;223m░\u001B[38;2;255;236;221m░\u001B[38;2;255;223;209m░\u001B[38;2;255;228;212m░\u001B[38;2;255;255;255m░\u001B[38;2;255;255;255m░\u001B[38;2;255;255;255m░\u001B[38;2;233;225;217m░\u001B[38;2;172;128;149m▒\u001B[38;2;211;174;197m▒\u001B[38;2;241;219;220m▒\u001B[38;2;246;229;227m░\u001B[38;2;246;228;226m░\u001B[38;2;245;227;225m░\u001B[38;2;243;220;215m░\u001B[38;2;253;204;194m░\u001B[38;2;255;214;200m░\u001B[38;2;253;255;255m░\u001B[38;2;252;234;228m░\u001B[38;2;251;247;232m░\u001B[38;2;252;252;252m░\u001B[38;2;255;255;255m░\u001B[38;2;255;255;255m░\u001B[38;2;255;255;255m░\u001B[38;2;255;255;255m░\u001B[38;2;255;255;255m░ \u001B[38;2;255;255;255m░\u001B[38;2;255;255;255m░\u001B[38;2;255;255;200m░\u001B[38;2;255;255;239m░\u001B[38;2;255;255;236m░\u001B[38;2;224;219;215m░\u001B[38;2;222;217;211m▒\u001B[38;2;255;255;207m░\u001B[38;2;99;77;73m▓\u001B[38;2;208;168;126m▒\u001B[38;2;146;112;150m▓\u001B[38;2;146;112;150m▒\u001B[38;2;0;0;0m▒\u001B[38;2;0;0;0m▒\u001B[38;2;177;97;93m▓\u001B[38;2;169;89;85m▓\u001B[38;2;231;221;177m░\u001B[38;2;231;221;177m░\u001B[38;2;235;227;186m░\u001B[38;2;253;255;230m░\u001B[38;2;253;255;230m▒\u001B[38;2;0;0;0m▓\u001B[38;2;0;0;0m▓\u001B[38;2;0;0;0m▒\u001B[38;2;0;0;0m░\u001B[38;2;0;0;0m░\u001B[38;2;0;0;0m▒\u001B[38;2;0;0;0m▓\u001B[38;2;0;0;0m░
   \u001B[38;2;255;238;232m░\u001B[38;2;255;195;189m░\u001B[38;2;255;237;223m░\u001B[38;2;255;234;220m░\u001B[38;2;255;234;220m░\u001B[38;2;255;255;255m░ \u001B[38;2;255;255;255m░\u001B[38;2;232;232;237m░\u001B[38;2;227;202;195m▒\u001B[38;2;250;183;173m░\u001B[38;2;200;164;180m▒\u001B[38;2;205;153;156m▒\u001B[38;2;242;223;223m░\u001B[38;2;246;189;178m░\u001B[38;2;229;206;204m░\u001B[38;2;228;204;202m░\u001B[38;2;222;196;194m░\u001B[38;2;248;224;210m░\u001B[38;2;249;197;193m░\u001B[38;2;252;253;253m░\u001B[38;2;251;237;232m░\u001B[38;2;252;252;252m░\u001B[38;2;252;252;252m░\u001B[38;2;253;253;253m░\u001B[38;2;255;255;255m░\u001B[38;2;252;252;254m░\u001B[38;2;249;249;252m░\u001B[38;2;251;240;228m░\u001B[38;2;242;190;131m░\u001B[38;2;229;176;116m░\u001B[38;2;255;243;220m░\u001B[38;2;255;253;233m░\u001B[38;2;255;251;230m░\u001B[38;2;222;216;209m▒\u001B[38;2;98;75;71m▒\u001B[38;2;255;217;155m░\u001B[38;2;78;55;51m▓\u001B[38;2;101;67;105m▓\u001B[38;2;146;112;150m▓\u001B[38;2;196;138;69m▒\u001B[38;2;194;136;67m▒\u001B[38;2;147;107;100m▒\u001B[38;2;147;107;100m▒\u001B[38;2;200;170;112m▒\u001B[38;2;253;255;230m░\u001B[38;2;253;255;230m░\u001B[38;2;253;255;230m░\u001B[38;2;253;255;230m░\u001B[38;2;238;175;192m▒\u001B[38;2;111;68;61m▒\u001B[38;2;160;120;113m▒\u001B[38;2;188;130;62m▒\u001B[38;2;251;229;189m▒\u001B[38;2;179;140;184m░\u001B[38;2;179;140;184m▒\u001B[38;2;146;112;150m▓\u001B[38;2;146;112;150m▒\u001B[38;2;0;0;0m░\u001B[38;2;0;0;0m░
     \u001B[38;2;255;203;195m░\u001B[38;2;255;239;225m░\u001B[38;2;255;234;219m░\u001B[38;2;255;241;228m░\u001B[38;2;255;255;254m░\u001B[38;2;255;255;255m░\u001B[38;2;255;255;255m░\u001B[38;2;150;124;142m▒\u001B[38;2;152;117;136m▒\u001B[38;2;206;156;177m▒\u001B[38;2;207;138;142m▒\u001B[38;2;202;137;140m▒\u001B[38;2;231;170;164m▒\u001B[38;2;231;162;157m▒\u001B[38;2;236;165;158m▒\u001B[38;2;240;168;162m▒\u001B[38;2;247;201;186m░\u001B[38;2;247;212;196m░\u001B[38;2;247;218;202m░\u001B[38;2;246;233;217m░\u001B[38;2;249;249;240m░\u001B[38;2;248;248;236m░\u001B[38;2;247;229;225m░\u001B[38;2;252;252;247m░\u001B[38;2;228;204;197m░\u001B[38;2;252;235;228m░\u001B[38;2;253;253;243m░\u001B[38;2;252;252;240m░\u001B[38;2;218;163;98m░\u001B[38;2;145;125;121m▒\u001B[38;2;226;221;207m░\u001B[38;2;248;234;209m░\u001B[38;2;255;235;196m░\u001B[38;2;83;59;55m▒\u001B[38;2;255;206;144m░\u001B[38;2;72;49;45m▓\u001B[38;2;72;49;45m▒\u001B[38;2;229;234;225m▒\u001B[38;2;250;252;250m░\u001B[38;2;193;136;67m▒\u001B[38;2;110;68;60m▓\u001B[38;2;146;106;99m▓\u001B[38;2;147;107;100m▓\u001B[38;2;201;170;112m▒\u001B[38;2;253;255;230m░\u001B[38;2;253;255;230m░\u001B[38;2;253;255;230m░\u001B[38;2;199;169;111m░\u001B[38;2;110;68;60m▓\u001B[38;2;160;120;113m▒\u001B[38;2;206;214;202m░\u001B[38;2;207;215;202m░\u001B[38;2;239;188;125m▒\u001B[38;2;195;138;68m▒\u001B[38;2;116;82;120m▓\u001B[38;2;146;112;150m▓\u001B[38;2;183;128;85m▓\u001B[38;2;113;93;90m▓\u001B[38;2;255;254;189m░\u001B[38;2;0;0;0m░\u001B[38;2;0;0;0m░\u001B[38;2;0;0;0m░\u001B[38;2;0;0;0m░\u001B[38;2;0;0;0m░\u001B[38;2;0;0;0m░
   \u001B[38;2;0;0;0m░\u001B[38;2;255;254;239m░ \u001B[38;2;255;199;192m░\u001B[38;2;255;236;221m░\u001B[38;2;255;236;220m░\u001B[38;2;255;244;228m░\u001B[38;2;255;255;255m░ \u001B[38;2;255;255;255m░\u001B[38;2;171;150;161m▒\u001B[38;2;190;150;160m▒\u001B[38;2;210;154;169m▒\u001B[38;2;212;146;146m▒\u001B[38;2;210;146;144m▒\u001B[38;2;230;155;148m▒\u001B[38;2;235;150;140m▒\u001B[38;2;240;149;138m▒\u001B[38;2;240;152;140m▒\u001B[38;2;241;155;143m▒\u001B[38;2;240;162;151m▒\u001B[38;2;238;167;155m░\u001B[38;2;247;230;214m░\u001B[38;2;247;244;227m░\u001B[38;2;247;245;228m░\u001B[38;2;248;238;220m░\u001B[38;2;250;229;211m░\u001B[38;2;237;210;202m░\u001B[38;2;254;245;231m░\u001B[38;2;254;247;233m░\u001B[38;2;243;238;240m░\u001B[38;2;232;227;236m░\u001B[38;2;223;211;198m▒\u001B[38;2;221;207;194m░\u001B[38;2;218;202;190m░\u001B[38;2;246;194;132m▒\u001B[38;2;241;189;127m░\u001B[38;2;239;188;126m▒\u001B[38;2;72;49;45m▓\u001B[38;2;72;50;46m▓\u001B[38;2;71;49;45m▓\u001B[38;2;198;142;74m▒\u001B[38;2;114;72;64m▒\u001B[38;2;205;213;201m▒\u001B[38;2;114;70;61m▒\u001B[38;2;249;250;248m▒\u001B[38;2;243;232;200m▒\u001B[38;2;254;252;228m░\u001B[38;2;253;255;230m░\u001B[38;2;253;255;230m░\u001B[38;2;253;255;230m░\u001B[38;2;136;146;131m▒\u001B[38;2;111;69;61m▓\u001B[38;2;108;64;56m▓\u001B[38;2;126;85;78m▓\u001B[38;2;195;137;68m▒\u001B[38;2;228;191;145m▒\u001B[38;2;217;223;212m░\u001B[38;2;225;231;222m▓\u001B[38;2;85;63;60m▓\u001B[38;2;255;225;160m░\u001B[38;2;255;232;167m░\u001B[38;2;112;93;90m▓\u001B[38;2;95;74;71m▓\u001B[38;2;255;221;157m░\u001B[38;2;0;0;0m░
    \u001B[38;2;255;255;255m░\u001B[38;2;255;248;234m░\u001B[38;2;255;242;227m░\u001B[38;2;255;194;181m░\u001B[38;2;255;238;223m░\u001B[38;2;255;250;234m░  \u001B[38;2;255;255;255m░\u001B[38;2;255;255;255m░\u001B[38;2;204;191;190m░\u001B[38;2;192;148;157m▒\u001B[38;2;212;150;160m▒\u001B[38;2;207;130;131m▒\u001B[38;2;241;170;156m▒\u001B[38;2;235;155;143m▒\u001B[38;2;234;158;146m▒\u001B[38;2;232;159;147m▒\u001B[38;2;239;153;141m▒\u001B[38;2;240;155;143m▒\u001B[38;2;238;160;148m▒\u001B[38;2;237;174;162m▒\u001B[38;2;236;178;167m░\u001B[38;2;241;176;167m▒\u001B[38;2;250;221;204m░\u001B[38;2;250;221;203m░\u001B[38;2;251;215;196m░\u001B[38;2;235;189;181m░\u001B[38;2;232;194;187m░\u001B[38;2;247;232;228m░\u001B[38;2;251;239;237m░\u001B[38;2;241;231;237m░\u001B[38;2;232;224;236m░\u001B[38;2;219;197;184m░\u001B[38;2;142;122;115m▒\u001B[38;2;237;186;124m▒\u001B[38;2;235;183;121m▒\u001B[38;2;233;182;120m▒\u001B[38;2;233;181;119m▒\u001B[38;2;219;166;101m▒\u001B[38;2;199;142;74m▒\u001B[38;2;137;147;132m▒\u001B[38;2;137;148;132m▒\u001B[38;2;115;71;62m▒\u001B[38;2;133;87;78m▒\u001B[38;2;223;196;181m░\u001B[38;2;248;249;247m░\u001B[38;2;255;251;227m▒\u001B[38;2;255;251;227m░\u001B[38;2;232;222;179m░\u001B[38;2;232;222;180m░\u001B[38;2;234;226;186m░\u001B[38;2;110;68;60m▒\u001B[38;2;196;207;192m▒\u001B[38;2;204;146;76m▒\u001B[38;2;228;192;145m▒\u001B[38;2;216;175;131m▒\u001B[38;2;199;142;73m▒\u001B[38;2;206;149;80m▒\u001B[38;2;254;203;140m▒\u001B[38;2;250;199;136m░\u001B[38;2;251;200;138m░\u001B[38;2;0;0;0m░\u001B[38;2;0;0;0m▒
     \u001B[38;2;0;0;0m░\u001B[38;2;255;242;227m░\u001B[38;2;255;235;222m░\u001B[38;2;255;236;220m░\u001B[38;2;255;242;226m░\u001B[38;2;255;255;253m░\u001B[38;2;255;255;255m░\u001B[38;2;255;255;255m░\u001B[38;2;255;255;255m░\u001B[38;2;255;253;238m░\u001B[38;2;232;177;176m▒\u001B[38;2;235;170;161m▒\u001B[38;2;242;176;164m▒\u001B[38;2;234;159;147m▒\u001B[38;2;227;151;140m▒\u001B[38;2;233;152;140m▒\u001B[38;2;232;152;139m▒\u001B[38;2;231;152;139m▒\u001B[38;2;228;157;146m▒\u001B[38;2;231;164;150m▒\u001B[38;2;239;185;166m░\u001B[38;2;248;205;184m░\u001B[38;2;248;206;184m░\u001B[38;2;240;175;162m░\u001B[38;2;243;176;165m░\u001B[38;2;250;162;161m░\u001B[38;2;252;200;182m░\u001B[38;2;243;180;170m░\u001B[38;2;234;197;191m░\u001B[38;2;248;225;222m░\u001B[38;2;254;236;234m░\u001B[38;2;254;240;238m░\u001B[38;2;252;244;243m░\u001B[38;2;245;219;214m░\u001B[38;2;243;213;210m░\u001B[38;2;125;94;53m▒\u001B[38;2;128;97;55m▓\u001B[38;2;228;176;112m▓\u001B[38;2;247;235;220m░\u001B[38;2;246;212;188m░\u001B[38;2;84;62;57m▓\u001B[38;2;195;184;181m▒\u001B[38;2;199;187;184m░\u001B[38;2;216;201;197m░\u001B[38;2;241;220;209m░\u001B[38;2;252;251;250m░\u001B[38;2;255;241;237m░\u001B[38;2;255;245;243m░\u001B[38;2;205;179;122m▒\u001B[38;2;232;223;180m▒\u001B[38;2;255;214;144m▓\u001B[38;2;195;187;185m▒\u001B[38;2;204;197;195m░\u001B[38;2;225;218;216m░\u001B[38;2;253;245;243m░\u001B[38;2;195;138;69m▒\u001B[38;2;196;139;70m▒\u001B[38;2;199;142;73m▒\u001B[38;2;227;174;109m▒\u001B[38;2;195;138;69m▒\u001B[38;2;0;0;0m▒
      \u001B[38;2;255;190;184m░\u001B[38;2;255;170;159m░\u001B[38;2;255;169;159m░\u001B[38;2;255;175;164m░\u001B[38;2;255;204;193m░\u001B[38;2;255;242;226m░\u001B[38;2;255;246;229m░\u001B[38;2;255;233;215m░\u001B[38;2;255;210;192m░\u001B[38;2;255;207;189m▒\u001B[38;2;236;152;150m▒\u001B[38;2;239;151;149m▒\u001B[38;2;232;141;142m▒\u001B[38;2;207;124;124m▒\u001B[38;2;236;151;146m▒\u001B[38;2;235;148;143m▒\u001B[38;2;228;142;131m▒\u001B[38;2;235;141;132m▒\u001B[38;2;235;141;134m▒\u001B[38;2;234;151;141m▒\u001B[38;2;232;167;153m▒\u001B[38;2;223;161;147m▒\u001B[38;2;217;161;150m▒\u001B[38;2;254;182;171m▒\u001B[38;2;255;197;178m░\u001B[38;2;255;195;178m░\u001B[38;2;253;166;154m░\u001B[38;2;254;159;146m▒\u001B[38;2;254;206;200m▒\u001B[38;2;252;233;231m░\u001B[38;2;252;242;241m░\u001B[38;2;252;248;247m░\u001B[38;2;254;251;251m░\u001B[38;2;245;244;250m░\u001B[38;2;221;180;157m░\u001B[38;2;245;215;206m▒\u001B[38;2;140;105;62m▓\u001B[38;2;153;120;77m▒\u001B[38;2;248;213;189m░\u001B[38;2;249;213;189m░\u001B[38;2;207;164;151m▒\u001B[38;2;210;197;194m▒\u001B[38;2;220;205;201m░\u001B[38;2;230;213;209m░\u001B[38;2;250;247;245m░\u001B[38;2;252;221;207m░\u001B[38;2;224;221;220m░\u001B[38;2;207;199;197m▒\u001B[38;2;84;60;55m▓\u001B[38;2;84;59;54m▓\u001B[38;2;146;132;129m▒\u001B[38;2;203;195;193m▒\u001B[38;2;221;213;211m░\u001B[38;2;221;213;211m░\u001B[38;2;207;200;198m▒\u001B[38;2;82;60;56m▓\u001B[38;2;80;59;55m▓\u001B[38;2;81;59;56m▓\u001B[38;2;105;86;83m▒\u001B[38;2;0;0;0m▒
      \u001B[38;2;255;168;158m░\u001B[38;2;255;166;155m▒\u001B[38;2;255;162;152m▒\u001B[38;2;255;210;194m░\u001B[38;2;255;154;143m▒\u001B[38;2;255;151;139m▒\u001B[38;2;255;200;190m░\u001B[38;2;255;186;178m░\u001B[38;2;255;209;192m░\u001B[38;2;255;218;201m░\u001B[38;2;255;255;255m░\u001B[38;2;255;255;255m░\u001B[38;2;235;172;174m░\u001B[38;2;241;169;168m░\u001B[38;2;241;201;198m░\u001B[38;2;236;167;165m▒\u001B[38;2;239;163;160m▒\u001B[38;2;239;166;152m░\u001B[38;2;237;168;152m▒\u001B[38;2;232;164;150m▒\u001B[38;2;225;152;140m▒\u001B[38;2;220;153;140m▒\u001B[38;2;216;158;148m▒\u001B[38;2;215;159;150m▒\u001B[38;2;225;170;157m░\u001B[38;2;255;198;182m░\u001B[38;2;255;190;175m░\u001B[38;2;254;186;174m░\u001B[38;2;241;162;151m▒\u001B[38;2;227;135;122m▒\u001B[38;2;238;202;195m▒\u001B[38;2;237;195;188m░\u001B[38;2;255;253;253m░\u001B[38;2;255;254;254m░\u001B[38;2;254;253;252m░\u001B[38;2;246;219;211m░\u001B[38;2;247;221;211m░\u001B[38;2;165;130;88m▒\u001B[38;2;171;133;91m▒\u001B[38;2;178;143;101m▒\u001B[38;2;206;162;149m░\u001B[38;2;219;174;159m▒\u001B[38;2;115;89;85m▓\u001B[38;2;106;79;74m▓\u001B[38;2;113;86;81m▓\u001B[38;2;113;86;81m▓\u001B[38;2;187;141;130m▒\u001B[38;2;210;186;176m▒\u001B[38;2;89;60;54m▓\u001B[38;2;87;59;53m▓\u001B[38;2;89;60;54m▓\u001B[38;2;89;63;58m▓\u001B[38;2;84;58;53m▓\u001B[38;2;84;60;55m▓\u001B[38;2;142;130;128m▓\u001B[38;2;189;132;64m▒\u001B[38;2;73;50;46m▓\u001B[38;2;75;52;48m▓\u001B[38;2;85;62;58m▓\u001B[38;2;255;231;161m▒\u001B[38;2;0;0;0m▒\u001B[38;2;0;0;0m▓
      \u001B[38;2;255;194;182m░\u001B[38;2;255;255;255m░\u001B[38;2;255;255;255m░\u001B[38;2;255;150;139m░\u001B[38;2;255;146;135m▒\u001B[38;2;255;145;133m▒\u001B[38;2;255;142;131m▒\u001B[38;2;255;206;198m░\u001B[38;2;255;217;206m░\u001B[38;2;255;254;247m░\u001B[38;2;255;255;255m░ \u001B[38;2;255;255;255m░\u001B[38;2;243;243;245m░\u001B[38;2;242;241;243m░\u001B[38;2;244;243;245m░\u001B[38;2;243;227;225m░\u001B[38;2;216;149;150m▒\u001B[38;2;215;159;162m▒\u001B[38;2;212;132;124m▒\u001B[38;2;208;124;117m▒\u001B[38;2;201;119;113m▒\u001B[38;2;194;117;112m▒\u001B[38;2;184;114;111m▒\u001B[38;2;173;109;108m▓\u001B[38;2;235;166;153m▒\u001B[38;2;232;165;154m▒\u001B[38;2;233;199;189m▒\u001B[38;2;250;181;170m▒\u001B[38;2;252;181;171m░\u001B[38;2;255;183;173m░\u001B[38;2;227;142;130m▒\u001B[38;2;255;252;242m░\u001B[38;2;255;245;234m░\u001B[38;2;255;229;222m░\u001B[38;2;255;226;219m░\u001B[38;2;253;219;212m░\u001B[38;2;247;215;203m░\u001B[38;2;215;200;221m░\u001B[38;2;173;133;91m▒\u001B[38;2;202;172;131m▒\u001B[38;2;183;143;102m▒\u001B[38;2;101;71;66m▓\u001B[38;2;102;72;66m▓\u001B[38;2;104;73;67m▓\u001B[38;2;107;75;69m▓\u001B[38;2;108;65;57m▓\u001B[38;2;209;107;114m▒\u001B[38;2;244;192;164m░\u001B[38;2;120;73;64m▓\u001B[38;2;101;63;55m▓\u001B[38;2;91;59;54m▓\u001B[38;2;85;58;53m▓\u001B[38;2;159;127;82m▓\u001B[38;2;170;146;106m▒\u001B[38;2;222;218;182m░\u001B[38;2;72;49;45m▒\u001B[38;2;74;51;47m█\u001B[38;2;78;55;51m█\u001B[38;2;83;59;55m▓\u001B[38;2;86;54;90m▓\u001B[38;2;195;133;98m▓\u001B[38;2;0;0;0m▓\u001B[38;2;0;0;0m▓
      \u001B[38;2;255;190;182m░\u001B[38;2;255;196;188m░\u001B[38;2;255;255;255m░\u001B[38;2;255;143;133m▒\u001B[38;2;255;142;130m▒\u001B[38;2;255;143;131m▒\u001B[38;2;255;142;131m▒\u001B[38;2;248;151;146m░ \u001B[38;2;255;243;233m░  \u001B[38;2;255;255;255m░\u001B[38;2;255;255;255m░\u001B[38;2;237;237;239m░\u001B[38;2;240;240;243m░\u001B[38;2;241;240;243m░\u001B[38;2;237;222;226m░\u001B[38;2;236;235;237m░\u001B[38;2;220;167;171m▒\u001B[38;2;198;130;130m▒\u001B[38;2;199;136;131m▒\u001B[38;2;184;117;118m▒\u001B[38;2;180;116;116m▒\u001B[38;2;177;115;117m▒\u001B[38;2;159;108;110m▒\u001B[38;2;158;108;113m▒\u001B[38;2;155;115;122m▒\u001B[38;2;185;147;149m▒\u001B[38;2;219;162;158m▒\u001B[38;2;255;189;179m▒\u001B[38;2;255;193;183m░\u001B[38;2;255;201;188m░\u001B[38;2;255;173;157m░\u001B[38;2;255;172;156m░\u001B[38;2;252;176;161m▒\u001B[38;2;255;177;160m░\u001B[38;2;250;212;207m░\u001B[38;2;232;208;217m░\u001B[38;2;249;206;193m░\u001B[38;2;247;204;191m░\u001B[38;2;244;201;189m░\u001B[38;2;198;161;127m░\u001B[38;2;235;174;139m▒\u001B[38;2;223;180;161m▒\u001B[38;2;218;174;155m▒\u001B[38;2;225;185;165m▒\u001B[38;2;150;96;84m▒\u001B[38;2;241;222;217m░\u001B[38;2;245;225;221m░\u001B[38;2;248;224;214m░\u001B[38;2;140;77;64m▒\u001B[38;2;166;120;112m▒\u001B[38;2;185;160;122m▒\u001B[38;2;187;165;128m▒\u001B[38;2;228;221;188m░\u001B[38;2;236;233;202m░\u001B[38;2;72;49;45m▒\u001B[38;2;64;36;68m▓\u001B[38;2;66;38;70m█\u001B[38;2;73;44;77m█\u001B[38;2;79;48;82m█\u001B[38;2;194;132;97m▓\u001B[38;2;146;113;151m▓\u001B[38;2;146;111;150m▓\u001B[38;2;0;0;0m▓
       \u001B[38;2;247;167;160m▒\u001B[38;2;255;197;181m░\u001B[38;2;255;194;180m░\u001B[38;2;255;141;131m▒\u001B[38;2;255;149;137m▒\u001B[38;2;255;165;153m░\u001B[38;2;255;204;195m░\u001B[38;2;255;221;213m░\u001B[38;2;255;255;255m░\u001B[38;2;255;255;255m▓\u001B[38;2;255;255;255m▓\u001B[38;2;112;80;115m▓\u001B[38;2;188;158;193m▒\u001B[38;2;220;204;222m░\u001B[38;2;227;227;230m░\u001B[38;2;215;215;220m░\u001B[38;2;226;225;232m░\u001B[38;2;207;182;183m▒\u001B[38;2;193;150;154m▒\u001B[38;2;216;157;150m▒\u001B[38;2;212;149;143m▒\u001B[38;2;200;138;134m▒\u001B[38;2;200;143;141m▒\u001B[38;2;187;145;149m▒\u001B[38;2;219;152;154m▒\u001B[38;2;219;154;157m▒\u001B[38;2;208;149;154m▒\u001B[38;2;159;127;136m▒\u001B[38;2;161;131;138m▒\u001B[38;2;171;133;141m▒\u001B[38;2;220;164;161m▒\u001B[38;2;228;171;166m▒\u001B[38;2;255;219;203m░\u001B[38;2;255;255;255m░\u001B[38;2;255;163;145m░\u001B[38;2;255;166;147m░\u001B[38;2;255;241;222m░\u001B[38;2;253;213;195m░\u001B[38;2;252;212;195m░\u001B[38;2;251;213;198m░\u001B[38;2;247;205;194m░\u001B[38;2;247;213;201m░\u001B[38;2;247;216;203m░\u001B[38;2;228;195;176m░\u001B[38;2;231;206;184m░\u001B[38;2;227;195;175m░\u001B[38;2;196;155;137m▒\u001B[38;2;172;103;89m▒\u001B[38;2;242;230;205m░\u001B[38;2;242;224;197m░\u001B[38;2;251;237;234m░\u001B[38;2;209;156;145m▒\u001B[38;2;189;147;98m▒\u001B[38;2;203;183;148m▒\u001B[38;2;206;189;155m░\u001B[38;2;240;238;209m░\u001B[38;2;246;246;219m░\u001B[38;2;65;37;68m▒\u001B[38;2;65;37;69m█\u001B[38;2;69;40;72m█\u001B[38;2;69;40;72m█\u001B[38;2;69;40;73m█\u001B[38;2;94;61;98m▓\u001B[38;2;91;58;95m▓\u001B[38;2;146;111;150m▓\u001B[38;2;0;0;0m▓                   \u001B[38;2;0;0;0m▓\u001B[38;2;0;0;0m▓\u001B[38;2;0;0;0m▒\u001B[38;2;0;0;0m▒\u001B[38;2;0;0;0m▒\u001B[38;2;0;0;0m▓\u001B[38;2;0;0;0m▒
  \u001B[38;2;222;159;148m▒\u001B[38;2;255;140;129m▒\u001B[38;2;255;194;180m░\u001B[38;2;255;139;126m▒\u001B[38;2;254;141;133m▒ \u001B[38;2;233;153;146m▒\u001B[38;2;255;141;131m▒\u001B[38;2;255;197;181m▒\u001B[38;2;255;219;205m░\u001B[38;2;255;181;172m░\u001B[38;2;255;203;193m░\u001B[38;2;171;135;157m▒\u001B[38;2;255;255;255m▒\u001B[38;2;147;114;140m▓\u001B[38;2;164;127;155m▓\u001B[38;2;165;127;155m▒\u001B[38;2;180;145;185m▒\u001B[38;2;181;147;185m▒\u001B[38;2;194;175;196m▒\u001B[38;2;207;191;200m░\u001B[38;2;245;216;191m▒\u001B[38;2;177;143;142m▒\u001B[38;2;184;137;141m▒\u001B[38;2;185;138;143m▒\u001B[38;2;169;128;136m▒\u001B[38;2;144;116;135m▓\u001B[38;2;126;107;129m▓\u001B[38;2;111;96;123m▒\u001B[38;2;222;190;182m▒\u001B[38;2;221;171;171m░\u001B[38;2;215;155;160m▒\u001B[38;2;194;138;148m▒\u001B[38;2;193;137;146m▒\u001B[38;2;230;155;162m▒\u001B[38;2;196;156;158m▒\u001B[38;2;244;199;186m░\u001B[38;2;246;200;186m░\u001B[38;2;241;193;181m░\u001B[38;2;255;194;185m░\u001B[38;2;255;208;199m░\u001B[38;2;255;201;191m░\u001B[38;2;255;222;212m░\u001B[38;2;255;207;196m░\u001B[38;2;254;192;181m░\u001B[38;2;248;214;202m░\u001B[38;2;247;215;202m░\u001B[38;2;247;216;205m░\u001B[38;2;247;217;205m░\u001B[38;2;244;248;242m░\u001B[38;2;254;252;242m░\u001B[38;2;248;247;218m░\u001B[38;2;252;228;205m▒\u001B[38;2;174;126;114m▒\u001B[38;2;233;201;182m░\u001B[38;2;239;204;186m░\u001B[38;2;254;253;253m░\u001B[38;2;184;145;94m▓\u001B[38;2;211;192;157m▒\u001B[38;2;220;206;176m░\u001B[38;2;231;224;195m░\u001B[38;2;252;251;227m░\u001B[38;2;225;243;207m░\u001B[38;2;164;195;138m▒\u001B[38;2;65;37;68m▓\u001B[38;2;93;61;97m▓\u001B[38;2;67;38;70m█\u001B[38;2;72;42;75m█\u001B[38;2;71;42;75m▓\u001B[38;2;227;190;144m▒\u001B[38;2;155;119;160m▓\u001B[38;2;0;0;0m▒\u001B[38;2;0;0;0m▓             \u001B[38;2;0;0;0m▓\u001B[38;2;0;0;0m▓\u001B[38;2;179;140;184m▒\u001B[38;2;179;140;184m▒\u001B[38;2;179;140;184m▒\u001B[38;2;179;140;184m▒\u001B[38;2;179;140;184m▒\u001B[38;2;179;140;184m▒\u001B[38;2;179;140;184m▒\u001B[38;2;178;139;183m▒\u001B[38;2;161;124;165m▒
  \u001B[38;2;0;0;0m▒\u001B[38;2;255;139;128m▒\u001B[38;2;255;139;127m▒\u001B[38;2;255;193;178m░\u001B[38;2;255;138;128m░\u001B[38;2;255;140;128m▒\u001B[38;2;238;148;143m▒\u001B[38;2;237;152;146m▒\u001B[38;2;255;165;154m▒\u001B[38;2;255;228;213m▒\u001B[38;2;229;215;213m░\u001B[38;2;171;131;153m▒\u001B[38;2;174;135;156m▒\u001B[38;2;193;157;174m▒\u001B[38;2;184;143;160m▒\u001B[38;2;206;166;187m▒\u001B[38;2;201;161;186m▒\u001B[38;2;198;159;185m▒\u001B[38;2;172;140;166m▒\u001B[38;2;162;129;160m▒\u001B[38;2;222;176;140m░\u001B[38;2;246;214;191m▒\u001B[38;2;213;171;169m▒\u001B[38;2;189;145;142m▒\u001B[38;2;171;124;126m▒\u001B[38;2;83;76;109m▓\u001B[38;2;88;76;108m▓\u001B[38;2;75;66;102m▓\u001B[38;2;72;62;98m▓\u001B[38;2;74;64;98m▓\u001B[38;2;88;79;110m▓\u001B[38;2;99;87;113m▓\u001B[38;2;104;90;114m▓\u001B[38;2;116;92;113m▓\u001B[38;2;232;162;167m▒\u001B[38;2;234;166;169m░\u001B[38;2;209;166;163m▒\u001B[38;2;208;164;163m▒\u001B[38;2;238;192;180m▒\u001B[38;2;239;191;178m▒\u001B[38;2;207;142;145m▒\u001B[38;2;254;186;178m▒\u001B[38;2;255;185;178m▒\u001B[38;2;253;180;176m▒\u001B[38;2;238;170;169m▒\u001B[38;2;252;190;181m░\u001B[38;2;253;193;184m░\u001B[38;2;255;206;188m░\u001B[38;2;254;206;190m░\u001B[38;2;251;207;192m░\u001B[38;2;239;200;197m░\u001B[38;2;239;244;235m░\u001B[38;2;237;243;233m░\u001B[38;2;248;223;198m░\u001B[38;2;244;216;192m░\u001B[38;2;253;218;198m░\u001B[38;2;252;196;166m░\u001B[38;2;255;207;178m▒\u001B[38;2;201;148;149m▒\u001B[38;2;194;209;164m░\u001B[38;2;239;234;207m░\u001B[38;2;240;254;226m░\u001B[38;2;240;255;226m░\u001B[38;2;240;255;226m░\u001B[38;2;192;221;168m▒\u001B[38;2;70;41;74m█\u001B[38;2;93;61;97m▓\u001B[38;2;71;42;75m█\u001B[38;2;82;52;86m█\u001B[38;2;71;42;75m▓\u001B[38;2;228;191;145m▒\u001B[38;2;167;128;172m▒\u001B[38;2;175;136;180m▒\u001B[38;2;0;0;0m▒     \u001B[38;2;0;0;0m▓\u001B[38;2;0;0;0m▓\u001B[38;2;0;0;0m▓\u001B[38;2;0;0;0m▓\u001B[38;2;101;67;105m▓\u001B[38;2;101;67;105m▓\u001B[38;2;180;141;185m▓\u001B[38;2;148;113;152m▓\u001B[38;2;146;112;150m▓\u001B[38;2;146;112;150m▓\u001B[38;2;146;112;150m▓\u001B[38;2;146;111;150m▓\u001B[38;2;145;112;150m▓\u001B[38;2;147;113;151m▓\u001B[38;2;146;112;150m▓\u001B[38;2;146;112;150m▓\u001B[38;2;146;112;150m▓\u001B[38;2;148;113;152m▓
    \u001B[38;2;236;153;143m▒\u001B[38;2;255;138;128m▒\u001B[38;2;255;140;128m▒\u001B[38;2;255;139;128m▒\u001B[38;2;160;118;150m▒\u001B[38;2;155;117;150m▒\u001B[38;2;148;113;150m▓\u001B[38;2;146;112;150m▓\u001B[38;2;148;113;150m▒\u001B[38;2;190;162;181m▒\u001B[38;2;195;156;173m▒\u001B[38;2;184;141;158m▒\u001B[38;2;186;143;159m▒\u001B[38;2;211;171;188m▒\u001B[38;2;206;171;191m▒\u001B[38;2;193;163;181m▒\u001B[38;2;185;153;172m▒\u001B[38;2;226;185;159m░\u001B[38;2;219;172;141m▒\u001B[38;2;115;77;105m▓\u001B[38;2;111;72;97m▓\u001B[38;2;151;114;129m▓\u001B[38;2;141;105;119m▓\u001B[38;2;142;108;119m▓\u001B[38;2;138;105;118m▓\u001B[38;2;89;76;106m▓\u001B[38;2;87;73;103m▓\u001B[38;2;77;65;100m▓\u001B[38;2;79;68;102m▓\u001B[38;2;80;70;103m▓\u001B[38;2;79;66;99m▓\u001B[38;2;85;70;102m▓\u001B[38;2;82;68;101m▓\u001B[38;2;115;91;112m▓\u001B[38;2;101;86;110m▓\u001B[38;2;229;169;172m▓\u001B[38;2;233;160;162m▒\u001B[38;2;243;243;245m░\u001B[38;2;197;132;139m▒\u001B[38;2;198;133;139m▒\u001B[38;2;204;138;143m▒\u001B[38;2;208;142;144m▒\u001B[38;2;234;168;167m▒\u001B[38;2;215;155;159m▒\u001B[38;2;207;151;157m▒\u001B[38;2;254;185;177m▒\u001B[38;2;238;169;168m▒\u001B[38;2;251;248;235m░\u001B[38;2;247;242;230m░\u001B[38;2;247;217;206m░\u001B[38;2;247;247;252m░\u001B[38;2;245;245;251m░\u001B[38;2;246;246;251m░\u001B[38;2;245;212;187m░\u001B[38;2;248;212;190m░\u001B[38;2;207;156;155m▒\u001B[38;2;195;145;146m▒\u001B[38;2;210;194;158m▒\u001B[38;2;226;244;209m░\u001B[38;2;240;255;226m░\u001B[38;2;240;255;226m░\u001B[38;2;240;255;226m░\u001B[38;2;240;255;226m░\u001B[38;2;169;201;143m▒\u001B[38;2;83;52;87m▓\u001B[38;2;92;60;96m▓\u001B[38;2;87;56;91m▓\u001B[38;2;91;60;95m▓\u001B[38;2;71;43;75m█\u001B[38;2;195;133;99m▓\u001B[38;2;195;133;99m▓\u001B[38;2;165;126;170m▓\u001B[38;2;169;130;174m▓\u001B[38;2;145;111;149m▓\u001B[38;2;121;87;125m▓\u001B[38;2;146;111;150m▓\u001B[38;2;146;111;150m▓\u001B[38;2;146;111;150m▓\u001B[38;2;147;113;152m▓\u001B[38;2;179;140;184m▓\u001B[38;2;179;140;184m▒\u001B[38;2;179;140;184m▒\u001B[38;2;179;140;184m▒\u001B[38;2;179;140;184m▒\u001B[38;2;179;140;184m▒\u001B[38;2;179;140;184m▒\u001B[38;2;146;112;150m▒\u001B[38;2;146;112;150m▓\u001B[38;2;146;112;150m▓\u001B[38;2;146;112;150m▓\u001B[38;2;146;112;150m▓\u001B[38;2;146;112;150m▓\u001B[38;2;146;112;150m▓\u001B[38;2;146;112;150m▓\u001B[38;2;146;112;150m▓
    \u001B[38;2;0;0;0m▓\u001B[38;2;146;112;150m▓\u001B[38;2;146;112;150m▓\u001B[38;2;146;112;150m▓\u001B[38;2;146;112;150m▓\u001B[38;2;146;112;150m▓\u001B[38;2;146;112;150m▓\u001B[38;2;146;112;150m▓\u001B[38;2;146;112;150m▓\u001B[38;2;101;66;105m▓\u001B[38;2;172;154;173m▒\u001B[38;2;224;209;226m░\u001B[38;2;211;164;181m▒\u001B[38;2;212;164;180m▒\u001B[38;2;183;135;152m▒\u001B[38;2;235;176;151m▒\u001B[38;2;246;214;191m░\u001B[38;2;232;192;166m▒\u001B[38;2;229;184;157m▒\u001B[38;2;193;137;141m▒\u001B[38;2;188;128;134m▒\u001B[38;2;112;69;94m▓\u001B[38;2;173;116;127m▓\u001B[38;2;134;79;102m▓\u001B[38;2;153;108;125m▓\u001B[38;2;138;102;118m▓\u001B[38;2;130;99;115m▓\u001B[38;2;120;100;123m▓\u001B[38;2;112;96;123m▓\u001B[38;2;109;95;121m▓\u001B[38;2;106;93;122m▓\u001B[38;2;94;82;113m▓\u001B[38;2;87;80;112m▓\u001B[38;2;92;87;117m▓\u001B[38;2;96;90;119m▓\u001B[38;2;89;83;111m▓\u001B[38;2;108;98;121m▓\u001B[38;2;56;55;88m▓\u001B[38;2;67;67;97m▓\u001B[38;2;69;68;99m▓\u001B[38;2;132;101;123m▓\u001B[38;2;134;101;123m▓\u001B[38;2;211;157;164m▓\u001B[38;2;178;130;138m▒\u001B[38;2;183;133;137m▒\u001B[38;2;220;172;176m▒\u001B[38;2;208;162;170m░\u001B[38;2;209;163;171m░\u001B[38;2;199;169;182m▒\u001B[38;2;218;189;199m▒\u001B[38;2;223;204;220m░\u001B[38;2;220;206;224m░\u001B[38;2;246;246;251m░\u001B[38;2;222;230;215m░\u001B[38;2;213;223;205m░\u001B[38;2;225;202;173m░\u001B[38;2;204;183;151m▒\u001B[38;2;180;131;138m▒\u001B[38;2;138;165;116m▒\u001B[38;2;240;255;226m░\u001B[38;2;240;255;226m░\u001B[38;2;240;255;226m░\u001B[38;2;240;255;226m░\u001B[38;2;166;198;139m▒\u001B[38;2;185;214;160m░\u001B[38;2;88;56;92m▒\u001B[38;2;91;59;94m▓\u001B[38;2;92;60;96m▓\u001B[38;2;93;61;97m▓\u001B[38;2;95;63;99m▓\u001B[38;2;73;43;76m▓\u001B[38;2;74;44;78m▓\u001B[38;2;83;51;86m▓\u001B[38;2;90;58;94m▓\u001B[38;2;201;139;104m▓\u001B[38;2;97;64;101m▓\u001B[38;2;99;65;103m▓\u001B[38;2;100;66;104m▓\u001B[38;2;100;66;104m▓\u001B[38;2;100;66;104m▓\u001B[38;2;101;67;105m▒\u001B[38;2;101;67;105m▒\u001B[38;2;255;235;196m░\u001B[38;2;147;113;151m▒\u001B[38;2;147;113;151m▓\u001B[38;2;146;111;150m▓\u001B[38;2;176;137;181m▒\u001B[38;2;179;140;184m▒\u001B[38;2;179;140;184m▒\u001B[38;2;179;140;184m▒\u001B[38;2;103;69;107m▓\u001B[38;2;103;69;107m▓\u001B[38;2;146;112;150m▓\u001B[38;2;100;66;104m▓\u001B[38;2;101;67;105m▓
   \u001B[38;2;0;0;0m▓\u001B[38;2;146;112;150m▓\u001B[38;2;146;112;150m▓\u001B[38;2;146;112;150m▓\u001B[38;2;146;112;150m▓\u001B[38;2;146;112;150m▓\u001B[38;2;133;99;137m▓\u001B[38;2;179;140;184m▓\u001B[38;2;179;140;184m▒\u001B[38;2;179;140;184m▒\u001B[38;2;149;114;153m▒\u001B[38;2;146;111;150m▓\u001B[38;2;131;97;135m▓\u001B[38;2;209;169;174m▒\u001B[38;2;208;169;176m░\u001B[38;2;233;180;155m░\u001B[38;2;232;174;148m▒\u001B[38;2;240;177;154m▒\u001B[38;2;191;126;135m▒\u001B[38;2;186;115;124m▓\u001B[38;2;167;95;112m▓\u001B[38;2;158;91;112m▓\u001B[38;2;140;82;109m▓\u001B[38;2;137;83;112m▓\u001B[38;2;134;82;111m▓\u001B[38;2;136;82;109m▓\u001B[38;2;126;77;103m▒\u001B[38;2;175;125;138m▒\u001B[38;2;161;117;134m▒\u001B[38;2;149;111;131m▓\u001B[38;2;91;76;99m▓\u001B[38;2;108;94;121m▓\u001B[38;2;110;94;123m▓\u001B[38;2;103;90;120m▓\u001B[38;2;91;82;113m▓\u001B[38;2;45;44;86m█\u001B[38;2;45;45;86m█\u001B[38;2;45;45;86m█\u001B[38;2;46;46;87m█\u001B[38;2;50;49;89m█\u001B[38;2;69;68;99m█\u001B[38;2;69;68;98m█\u001B[38;2;70;69;99m▓\u001B[38;2;72;72;101m▓\u001B[38;2;73;72;102m▓\u001B[38;2;75;75;103m▓\u001B[38;2;81;80;107m▓\u001B[38;2;116;100;117m▓\u001B[38;2;138;116;135m▓\u001B[38;2;244;244;251m▒\u001B[38;2;224;207;220m░\u001B[38;2;224;210;225m░\u001B[38;2;222;209;225m░\u001B[38;2;204;191;213m░\u001B[38;2;196;186;208m░\u001B[38;2;242;213;212m░\u001B[38;2;242;210;209m░\u001B[38;2;197;180;145m▒\u001B[38;2;191;176;141m▒\u001B[38;2;76;47;71m▓\u001B[38;2;114;143;91m▓\u001B[38;2;136;160;115m▒\u001B[38;2;240;255;226m▒\u001B[38;2;240;255;226m░\u001B[38;2;240;255;226m░\u001B[38;2;161;194;136m▒\u001B[38;2;195;223;171m░\u001B[38;2;88;57;92m▒\u001B[38;2;91;59;95m▓\u001B[38;2;92;60;96m▓\u001B[38;2;93;61;97m▓\u001B[38;2;95;63;99m▓\u001B[38;2;96;64;100m▓\u001B[38;2;99;67;103m▓\u001B[38;2;105;72;109m▓\u001B[38;2;116;83;120m▓\u001B[38;2;95;62;99m▓\u001B[38;2;97;63;101m▓\u001B[38;2;100;66;104m▓\u001B[38;2;100;66;104m▓\u001B[38;2;101;67;105m▓\u001B[38;2;101;67;105m▓\u001B[38;2;100;66;104m▓\u001B[38;2;101;67;105m▓\u001B[38;2;100;66;104m▒\u001B[38;2;210;161;124m▒\u001B[38;2;146;111;150m▓\u001B[38;2;145;111;149m▒\u001B[38;2;171;133;176m▒\u001B[38;2;179;140;184m▒\u001B[38;2;179;140;184m▒\u001B[38;2;179;140;184m▒\u001B[38;2;179;140;184m▒\u001B[38;2;100;66;104m▓\u001B[38;2;100;66;104m▓\u001B[38;2;101;67;105m▓\u001B[38;2;179;140;184m▒
\u001B[38;2;179;140;184m▒\u001B[38;2;0;0;0m▒\u001B[38;2;0;0;0m▒\u001B[38;2;179;140;184m▒\u001B[38;2;179;140;184m▒\u001B[38;2;179;140;184m▒\u001B[38;2;179;140;184m▒\u001B[38;2;179;140;184m▒\u001B[38;2;179;140;184m▒\u001B[38;2;179;140;184m▒\u001B[38;2;179;140;184m▒\u001B[38;2;149;114;153m▓\u001B[38;2;143;108;147m▓\u001B[38;2;140;105;144m▓\u001B[38;2;130;96;134m▒\u001B[38;2;230;195;150m░\u001B[38;2;229;194;149m▒\u001B[38;2;96;64;100m▓\u001B[38;2;91;59;95m▓\u001B[38;2;196;141;146m▒\u001B[38;2;196;132;134m▒\u001B[38;2;187;121;127m▒\u001B[38;2;190;125;130m▒\u001B[38;2;185;120;126m▓\u001B[38;2;146;84;106m▓\u001B[38;2;132;79;106m▓\u001B[38;2;132;81;109m▓\u001B[38;2;129;81;112m▓\u001B[38;2;132;82;112m▓\u001B[38;2;123;76;102m▓\u001B[38;2;115;76;110m▓\u001B[38;2;116;77;116m▓\u001B[38;2;113;79;112m▒\u001B[38;2;155;114;130m▒\u001B[38;2;208;152;150m▒\u001B[38;2;209;152;149m▒\u001B[38;2;219;179;151m▒\u001B[38;2;47;46;88m▓\u001B[38;2;47;47;88m▓\u001B[38;2;47;46;88m█\u001B[38;2;45;44;86m█\u001B[38;2;45;45;86m█\u001B[38;2;46;46;86m█\u001B[38;2;46;46;87m█\u001B[38;2;49;48;88m█\u001B[38;2;52;51;90m█\u001B[38;2;49;48;88m█\u001B[38;2;69;69;99m█\u001B[38;2;72;71;100m▓\u001B[38;2;74;74;103m▓\u001B[38;2;71;70;100m▓\u001B[38;2;71;71;100m█\u001B[38;2;44;43;65m█\u001B[38;2;40;38;63m█\u001B[38;2;124;112;131m▓\u001B[38;2;230;222;234m▓\u001B[38;2;201;190;211m▒\u001B[38;2;189;180;204m▒\u001B[38;2;181;174;200m▒\u001B[38;2;237;223;230m▒\u001B[38;2;240;222;226m░\u001B[38;2;242;224;226m░\u001B[38;2;255;255;255m▒\u001B[38;2;255;255;255m▒\u001B[38;2;99;129;75m▒\u001B[38;2;111;138;89m▓\u001B[38;2;90;121;66m▓\u001B[38;2;186;215;162m▒\u001B[38;2;160;194;136m▒\u001B[38;2;198;224;175m░\u001B[38;2;198;224;174m░\u001B[38;2;194;221;169m░\u001B[38;2;91;59;95m▓\u001B[38;2;92;61;96m█\u001B[38;2;94;62;97m█\u001B[38;2;93;61;97m▒\u001B[38;2;99;67;103m▓\u001B[38;2;99;67;103m▓\u001B[38;2;106;73;110m▓\u001B[38;2;117;84;121m▓\u001B[38;2;121;88;125m▓\u001B[38;2;138;103;142m▓\u001B[38;2;132;99;136m▓\u001B[38;2;125;91;130m▓\u001B[38;2;139;105;143m▓\u001B[38;2;105;71;109m▓\u001B[38;2;100;67;104m▓\u001B[38;2;101;67;105m▓\u001B[38;2;100;66;104m▒\u001B[38;2;146;111;150m▒\u001B[38;2;146;111;150m▒\u001B[38;2;170;132;175m▒\u001B[38;2;175;136;180m▒\u001B[38;2;179;140;184m▒\u001B[38;2;179;140;184m▒\u001B[38;2;179;140;184m▒\u001B[38;2;179;140;184m▒\u001B[38;2;174;135;179m▓\u001B[38;2;101;67;105m▓\u001B[38;2;179;140;184m▒
\u001B[38;2;179;140;184m▒\u001B[38;2;179;140;184m▒\u001B[38;2;179;140;184m▒\u001B[38;2;179;140;184m▒\u001B[38;2;154;119;158m▒\u001B[38;2;177;138;182m▒\u001B[38;2;177;138;182m▒\u001B[38;2;179;140;184m▒\u001B[38;2;179;140;184m▒\u001B[38;2;167;129;171m▒\u001B[38;2;155;119;159m▓\u001B[38;2;255;235;196m▒\u001B[38;2;251;230;190m░\u001B[38;2;240;211;168m░\u001B[38;2;230;195;149m▒\u001B[38;2;94;63;98m▓\u001B[38;2;92;61;96m▓\u001B[38;2;91;60;95m█\u001B[38;2;74;44;77m█\u001B[38;2;0;0;0m█\u001B[38;2;0;0;0m▓\u001B[38;2;0;0;0m▓\u001B[38;2;0;0;0m▒\u001B[38;2;182;125;132m▒\u001B[38;2;179;124;132m▒\u001B[38;2;174;119;129m▒\u001B[38;2;165;113;125m▒\u001B[38;2;155;105;119m▓\u001B[38;2;153;105;118m▓\u001B[38;2;161;111;125m▓\u001B[38;2;169;117;132m▒\u001B[38;2;175;122;136m▒\u001B[38;2;174;121;132m▓\u001B[38;2;177;124;133m▒\u001B[38;2;94;63;97m▒\u001B[38;2;248;213;198m░\u001B[38;2;226;190;161m░\u001B[38;2;203;168;136m▒\u001B[38;2;189;156;126m▒\u001B[38;2;187;155;125m▒\u001B[38;2;204;158;127m▒\u001B[38;2;206;163;132m▒\u001B[38;2;138;108;128m▓\u001B[38;2;141;116;131m▒\u001B[38;2;164;133;143m▒\u001B[38;2;130;111;130m▒\u001B[38;2;50;49;89m▓\u001B[38;2;80;76;110m▓\u001B[38;2;51;50;89m▓\u001B[38;2;54;54;92m█\u001B[38;2;55;54;92m█\u001B[38;2;55;54;93m█\u001B[38;2;54;53;92m█\u001B[38;2;39;37;62m█\u001B[38;2;38;36;61m█\u001B[38;2;37;35;60m█\u001B[38;2;60;57;82m█\u001B[38;2;47;44;69m█\u001B[38;2;67;63;87m▓\u001B[38;2;154;147;176m▒\u001B[38;2;143;135;169m▒\u001B[38;2;243;225;229m▒\u001B[38;2;132;124;151m▒\u001B[38;2;255;255;255m░\u001B[38;2;32;30;58m▓\u001B[38;2;32;30;59m▒\u001B[38;2;95;125;70m▒\u001B[38;2;95;126;71m▓\u001B[38;2;104;135;80m▓\u001B[38;2;160;193;135m▒\u001B[38;2;192;221;168m▒\u001B[38;2;185;214;160m▒\u001B[38;2;193;221;169m▒\u001B[38;2;65;37;68m▓\u001B[38;2;63;36;67m█\u001B[38;2;192;221;168m▒\u001B[38;2;240;255;226m░\u001B[38;2;240;255;226m▓\u001B[38;2;96;64;100m▓\u001B[38;2;90;59;94m▓\u001B[38;2;84;54;88m▓\u001B[38;2;90;59;94m▓\u001B[38;2;90;59;94m▓\u001B[38;2;96;63;100m▓\u001B[38;2;96;63;100m▓\u001B[38;2;99;65;103m▓\u001B[38;2;99;65;103m▓\u001B[38;2;101;67;105m▓\u001B[38;2;100;66;104m▓\u001B[38;2;101;67;105m▓\u001B[38;2;229;193;147m▒\u001B[38;2;146;111;150m▓\u001B[38;2;146;111;150m▓\u001B[38;2;146;111;150m▓\u001B[38;2;179;140;184m▒\u001B[38;2;178;139;183m▒\u001B[38;2;178;139;183m▒\u001B[38;2;170;132;175m▒\u001B[38;2;154;118;158m▓\u001B[38;2;146;112;150m▓
\u001B[38;2;148;113;152m▓\u001B[38;2;142;108;146m▓\u001B[38;2;143;110;148m▓\u001B[38;2;143;109;147m▓\u001B[38;2;137;103;141m▓\u001B[38;2;169;131;174m▒\u001B[38;2;171;133;176m▒\u001B[38;2;178;139;183m▒\u001B[38;2;176;137;181m▒\u001B[38;2;255;235;196m░\u001B[38;2;255;235;196m░\u001B[38;2;254;235;195m▒\u001B[38;2;253;233;193m▓\u001B[38;2;73;43;76m█\u001B[38;2;0;0;0m█\u001B[38;2;0;0;0m█\u001B[38;2;0;0;0m█         \u001B[38;2;0;0;0m▓\u001B[38;2;82;52;86m▓\u001B[38;2;90;58;94m▓\u001B[38;2;169;126;139m▓\u001B[38;2;158;132;152m▒\u001B[38;2;162;136;152m▒\u001B[38;2;133;91;84m▒\u001B[38;2;176;123;113m▒\u001B[38;2;154;108;99m▒\u001B[38;2;252;255;249m░\u001B[38;2;246;221;199m░\u001B[38;2;239;255;225m░\u001B[38;2;203;176;140m▒\u001B[38;2;187;157;126m▒\u001B[38;2;210;164;134m▒\u001B[38;2;215;170;142m▒\u001B[38;2;211;165;141m▒\u001B[38;2;210;164;142m▒\u001B[38;2;206;165;154m▒\u001B[38;2;177;140;140m▒\u001B[38;2;184;146;144m▒\u001B[38;2;176;141;141m▒\u001B[38;2;47;46;87m▓\u001B[38;2;82;78;112m▓\u001B[38;2;47;46;87m█\u001B[38;2;47;46;87m█\u001B[38;2;55;54;93m█\u001B[38;2;55;54;93m█\u001B[38;2;37;35;61m█\u001B[38;2;37;35;61m█\u001B[38;2;36;34;61m█\u001B[38;2;35;33;62m█\u001B[38;2;36;34;62m█\u001B[38;2;37;36;61m█\u001B[38;2;41;40;65m█\u001B[38;2;56;53;77m▓\u001B[38;2;51;49;72m▒\u001B[38;2;255;255;255m░\u001B[38;2;255;255;255m▒\u001B[38;2;34;32;59m▓\u001B[38;2;152;150;184m▒\u001B[38;2;113;143;90m▒\u001B[38;2;117;147;93m▒\u001B[38;2;87;117;62m▒\u001B[38;2;192;221;167m▒\u001B[38;2;192;221;167m░\u001B[38;2;192;221;168m▒\u001B[38;2;191;220;166m░\u001B[38;2;152;186;125m▒\u001B[38;2;63;35;66m▒\u001B[38;2;193;221;168m░\u001B[38;2;240;255;226m░\u001B[38;2;240;255;226m▓\u001B[38;2;97;65;101m▓\u001B[38;2;100;67;104m▓\u001B[38;2;104;71;108m▓\u001B[38;2;0;0;0m▓\u001B[38;2;0;0;0m█    \u001B[38;2;0;0;0m█\u001B[38;2;0;0;0m▓\u001B[38;2;0;0;0m▓\u001B[38;2;229;193;147m▒\u001B[38;2;146;112;150m▓\u001B[38;2;148;113;152m▓\u001B[38;2;148;113;152m▓\u001B[38;2;147;112;151m▓\u001B[38;2;147;113;151m▓\u001B[38;2;165;128;170m▒\u001B[38;2;153;118;157m▒\u001B[38;2;143;108;147m▓
\u001B[38;2;137;102;141m▓\u001B[38;2;132;98;136m▓\u001B[38;2;137;102;141m▓\u001B[38;2;135;101;139m▓\u001B[38;2;132;97;136m▓\u001B[38;2;171;133;176m▒\u001B[38;2;178;139;183m▒\u001B[38;2;177;138;182m▒\u001B[38;2;194;132;98m▒\u001B[38;2;255;235;196m▒\u001B[38;2;77;47;81m█\u001B[38;2;0;0;0m█\u001B[38;2;0;0;0m█                 \u001B[38;2;0;0;0m▓\u001B[38;2;117;75;67m▓\u001B[38;2;118;76;68m▓\u001B[38;2;169;128;121m▒\u001B[38;2;192;221;167m░\u001B[38;2;192;221;168m░\u001B[38;2;240;255;226m░\u001B[38;2;194;222;170m▒\u001B[38;2;135;170;109m▒\u001B[38;2;115;148;88m▒\u001B[38;2;153;148;93m▒\u001B[38;2;212;166;140m▒\u001B[38;2;125;98;57m▓\u001B[38;2;209;167;155m▓\u001B[38;2;208;167;154m▒\u001B[38;2;215;194;181m▒\u001B[38;2;208;172;159m▒\u001B[38;2;202;158;146m▒\u001B[38;2;207;163;150m▒\u001B[38;2;190;148;137m▒\u001B[38;2;172;134;124m▓\u001B[38;2;100;88;110m▓\u001B[38;2;66;63;100m▓\u001B[38;2;59;57;95m█\u001B[38;2;49;49;89m█\u001B[38;2;50;50;90m█\u001B[38;2;50;50;90m█\u001B[38;2;37;35;61m█\u001B[38;2;37;35;61m█\u001B[38;2;35;33;62m█\u001B[38;2;35;33;62m█\u001B[38;2;35;33;61m█\u001B[38;2;41;39;64m█\u001B[38;2;255;255;255m▒\u001B[38;2;159;150;150m▒\u001B[38;2;33;31;59m█\u001B[38;2;173;170;207m▒\u001B[38;2;103;101;126m▓\u001B[38;2;240;255;226m▒\u001B[38;2;240;255;226m░\u001B[38;2;240;255;226m▒\u001B[38;2;193;221;168m▒\u001B[38;2;192;221;168m░\u001B[38;2;195;223;171m░\u001B[38;2;194;222;170m░\u001B[38;2;192;221;168m▒\u001B[38;2;194;222;170m▒\u001B[38;2;200;226;177m░\u001B[38;2;234;250;218m░\u001B[38;2;71;42;75m█\u001B[38;2;0;0;0m█\u001B[38;2;0;0;0m█         \u001B[38;2;0;0;0m▒\u001B[38;2;230;194;148m▒\u001B[38;2;148;113;152m▓\u001B[38;2;148;113;152m▓\u001B[38;2;146;112;150m▓\u001B[38;2;146;112;150m▓\u001B[38;2;146;112;150m▓\u001B[38;2;150;115;154m▓\u001B[38;2;119;85;123m▓
\u001B[38;2;114;79;118m▓\u001B[38;2;121;87;125m▓\u001B[38;2;106;72;110m▓\u001B[38;2;115;81;120m▓\u001B[38;2;169;130;174m▒\u001B[38;2;174;135;179m▒\u001B[38;2;179;140;184m▒\u001B[38;2;194;133;97m▒\u001B[38;2;195;133;98m▓\u001B[38;2;0;0;0m█                  \u001B[38;2;0;0;0m▒\u001B[38;2;0;0;0m▒\u001B[38;2;0;0;0m▓\u001B[38;2;124;82;74m▓\u001B[38;2;152;111;104m▓\u001B[38;2;152;112;105m▓\u001B[38;2;144;173;119m▒\u001B[38;2;234;250;219m░\u001B[38;2;240;255;226m░\u001B[38;2;201;227;178m░\u001B[38;2;202;227;179m▒\u001B[38;2;212;190;136m▒\u001B[38;2;213;192;138m░\u001B[38;2;204;180;126m▒\u001B[38;2;191;184;182m▒\u001B[38;2;175;168;166m▒\u001B[38;2;107;87;84m▒\u001B[38;2;114;93;90m▒\u001B[38;2;127;103;98m▓\u001B[38;2;108;85;82m▓\u001B[38;2;106;84;82m▓\u001B[38;2;59;44;42m█\u001B[38;2;59;44;42m█\u001B[38;2;39;24;22m▓\u001B[38;2;38;23;21m▓\u001B[38;2;107;90;105m▓\u001B[38;2;96;82;99m▓\u001B[38;2;90;78;97m▓\u001B[38;2;92;79;97m▓\u001B[38;2;93;79;97m▓\u001B[38;2;91;78;97m▓\u001B[38;2;50;47;71m▓\u001B[38;2;50;46;70m▓\u001B[38;2;78;70;89m▓\u001B[38;2;71;64;84m▓\u001B[38;2;159;150;150m▒\u001B[38;2;159;150;150m▒\u001B[38;2;35;33;60m█\u001B[38;2;35;32;58m▓\u001B[38;2;89;87;111m▓\u001B[38;2;240;255;226m░\u001B[38;2;240;255;226m░\u001B[38;2;240;255;226m░\u001B[38;2;240;255;226m░\u001B[38;2;35;33;61m▓\u001B[38;2;198;225;175m▒\u001B[38;2;198;225;175m░\u001B[38;2;240;255;226m░\u001B[38;2;198;225;175m░\u001B[38;2;149;183;122m░\u001B[38;2;237;252;222m░\u001B[38;2;0;0;0m▒            \u001B[38;2;0;0;0m▒\u001B[38;2;149;114;153m▒\u001B[38;2;148;113;152m▓\u001B[38;2;148;114;152m▓\u001B[38;2;146;112;150m▓\u001B[38;2;148;114;152m▓\u001B[38;2;148;113;152m▓\u001B[38;2;103;69;107m▓
\u001B[38;2;111;76;115m▓\u001B[38;2;104;69;108m▓\u001B[38;2;107;72;111m▓\u001B[38;2;158;121;163m▒\u001B[38;2;166;127;171m▒\u001B[38;2;164;126;168m▓\u001B[38;2;214;168;127m▒\u001B[38;2;200;143;107m▒\u001B[38;2;0;0;0m▒                \u001B[38;2;0;0;0m░\u001B[38;2;0;0;0m░\u001B[38;2;0;0;0m░\u001B[38;2;241;255;227m░\u001B[38;2;153;180;130m▒\u001B[38;2;152;185;126m▒\u001B[38;2;167;127;120m▒\u001B[38;2;148;107;100m▓\u001B[38;2;149;109;102m▓\u001B[38;2;148;108;101m▓\u001B[38;2;124;155;100m▓\u001B[38;2;201;227;178m▒\u001B[38;2;200;226;177m▒\u001B[38;2;209;185;131m▒\u001B[38;2;210;187;133m▒\u001B[38;2;212;191;138m▒\u001B[38;2;214;195;142m▒\u001B[38;2;162;130;86m▒\u001B[38;2;176;169;167m▒\u001B[38;2;174;167;165m▒\u001B[38;2;74;53;49m▓\u001B[38;2;161;121;112m▒\u001B[38;2;199;151;139m░\u001B[38;2;61;43;41m▒\u001B[38;2;45;30;28m▓\u001B[38;2;44;29;26m▓\u001B[38;2;42;27;24m▒\u001B[38;2;116;77;40m▓\u001B[38;2;103;85;83m▒\u001B[38;2;132;125;98m▒\u001B[38;2;132;126;100m▓\u001B[38;2;111;69;61m▓\u001B[38;2;111;69;61m▓\u001B[38;2;110;68;60m▓\u001B[38;2;65;37;69m█\u001B[38;2;145;144;158m█\u001B[38;2;66;38;69m█\u001B[38;2;67;38;70m▓\u001B[38;2;177;170;170m▒\u001B[38;2;159;150;150m▒\u001B[38;2;159;150;150m▓\u001B[38;2;35;33;60m█\u001B[38;2;34;32;59m█\u001B[38;2;36;32;60m▒\u001B[38;2;152;186;125m▒\u001B[38;2;240;254;226m░\u001B[38;2;240;255;226m░\u001B[38;2;34;32;59m▓\u001B[38;2;34;32;59m█\u001B[38;2;146;174;124m▒\u001B[38;2;240;255;226m░\u001B[38;2;240;255;226m░\u001B[38;2;198;225;175m░\u001B[38;2;240;254;225m░\u001B[38;2;239;253;224m░\u001B[38;2;0;0;0m░\u001B[38;2;0;0;0m░           \u001B[38;2;0;0;0m▒\u001B[38;2;148;113;151m▓\u001B[38;2;148;114;152m▓\u001B[38;2;146;112;150m▓\u001B[38;2;148;113;152m▓\u001B[38;2;148;113;152m▓\u001B[38;2;101;67;105m▓
\u001B[38;2;100;66;104m▓\u001B[38;2;101;67;105m▓\u001B[38;2;147;110;152m▓\u001B[38;2;153;115;157m▓\u001B[38;2;143;106;147m▓\u001B[38;2;128;93;132m▓\u001B[38;2;222;181;138m░\u001B[38;2;0;0;0m▒             \u001B[38;2;0;0;0m▒\u001B[38;2;0;0;0m░\u001B[38;2;240;255;226m░\u001B[38;2;240;255;226m░\u001B[38;2;240;255;226m▒\u001B[38;2;201;227;178m░\u001B[38;2;200;226;177m░\u001B[38;2;154;181;132m▒\u001B[38;2;240;255;226m░\u001B[38;2;133;167;107m▒\u001B[38;2;168;128;121m▒\u001B[38;2;163;123;116m▓\u001B[38;2;129;87;79m▓\u001B[38;2;111;69;61m▓\u001B[38;2;111;69;61m▓\u001B[38;2;111;69;61m▓\u001B[38;2;111;69;61m▓\u001B[38;2;110;68;60m▓\u001B[38;2;210;186;132m▒\u001B[38;2;210;186;131m░\u001B[38;2;212;189;136m▒\u001B[38;2;162;130;85m▒\u001B[38;2;166;130;89m▒\u001B[38;2;149;127;124m▒\u001B[38;2;182;139;129m▒\u001B[38;2;188;143;132m▒\u001B[38;2;109;88;85m▒\u001B[38;2;110;88;85m▓\u001B[38;2;109;88;85m█\u001B[38;2;72;49;45m█\u001B[38;2;72;50;46m█\u001B[38;2;98;78;75m▓\u001B[38;2;71;48;44m▓\u001B[38;2;72;49;45m▓\u001B[38;2;105;89;86m▒\u001B[38;2;190;200;185m░\u001B[38;2;111;69;61m▓\u001B[38;2;111;69;61m▓\u001B[38;2;110;68;60m▓\u001B[38;2;69;40;72m▓\u001B[38;2;70;41;73m▓\u001B[38;2;90;59;94m▓\u001B[38;2;0;0;0m▓\u001B[38;2;35;33;60m█\u001B[38;2;35;33;60m█\u001B[38;2;35;33;60m█\u001B[38;2;36;32;60m█\u001B[38;2;36;32;60m█\u001B[38;2;154;187;126m▒\u001B[38;2;173;203;146m▒\u001B[38;2;150;181;126m▒\u001B[38;2;189;214;168m▒\u001B[38;2;33;31;59m█\u001B[38;2;104;135;80m▓\u001B[38;2;124;152;103m▒\u001B[38;2;240;254;225m░\u001B[38;2;220;207;159m▒\u001B[38;2;227;216;169m░\u001B[38;2;227;216;169m░\u001B[38;2;197;224;173m░\u001B[38;2;207;231;186m░\u001B[38;2;233;249;217m░\u001B[38;2;0;0;0m░         \u001B[38;2;0;0;0m▒\u001B[38;2;197;137;102m▓\u001B[38;2;100;66;104m▓\u001B[38;2;146;112;150m▓\u001B[38;2;146;112;150m▓\u001B[38;2;147;113;151m▓\u001B[38;2;101;67;105m▓
\u001B[38;2;101;67;105m▓\u001B[38;2;102;67;106m▓\u001B[38;2;136;99;140m▓\u001B[38;2;133;97;137m▓\u001B[38;2;117;83;121m▓\u001B[38;2;123;89;127m▒\u001B[38;2;227;189;143m░\u001B[38;2;0;0;0m▒           \u001B[38;2;0;0;0m░\u001B[38;2;240;255;226m░\u001B[38;2;240;255;226m░\u001B[38;2;240;255;226m░\u001B[38;2;201;227;179m▒\u001B[38;2;240;255;226m░\u001B[38;2;201;227;178m▒\u001B[38;2;204;228;182m▒\u001B[38;2;121;152;97m▒\u001B[38;2;116;147;92m▒\u001B[38;2;240;255;226m░\u001B[38;2;240;255;226m░\u001B[38;2;193;221;168m░\u001B[38;2;171;129;122m▒\u001B[38;2;169;128;121m▒\u001B[38;2;110;68;60m▓\u001B[38;2;111;69;61m▓\u001B[38;2;111;69;61m▓\u001B[38;2;111;69;61m▓\u001B[38;2;111;69;61m▓\u001B[38;2;111;69;61m▓\u001B[38;2;110;68;60m▓\u001B[38;2;198;207;193m░\u001B[38;2;191;201;186m░\u001B[38;2;111;69;61m▓\u001B[38;2;109;68;60m█\u001B[38;2;74;53;49m█\u001B[38;2;96;76;73m▓\u001B[38;2;116;95;92m▓\u001B[38;2;112;90;87m▓\u001B[38;2;109;87;84m▓\u001B[38;2;108;87;84m▓\u001B[38;2;108;87;84m▓\u001B[38;2;71;48;44m▓\u001B[38;2;72;49;45m█\u001B[38;2;72;49;45m█\u001B[38;2;103;82;79m▓\u001B[38;2;111;69;61m▓\u001B[38;2;190;200;185m▒\u001B[38;2;100;116;78m▒\u001B[38;2;170;173;153m▒\u001B[38;2;215;225;200m░\u001B[38;2;229;241;214m░\u001B[38;2;0;0;0m░\u001B[38;2;0;0;0m▒\u001B[38;2;34;32;59m▒\u001B[38;2;34;32;58m█\u001B[38;2;35;33;60m█\u001B[38;2;35;33;60m█\u001B[38;2;35;33;61m▓\u001B[38;2;94;126;69m▓\u001B[38;2;101;132;76m▓\u001B[38;2;0;0;0m▓\u001B[38;2;35;33;60m█\u001B[38;2;35;33;60m█\u001B[38;2;82;114;58m▓\u001B[38;2;106;135;83m▓\u001B[38;2;111;139;89m▒\u001B[38;2;176;149;104m▒\u001B[38;2;183;157;112m▒\u001B[38;2;224;211;164m▒\u001B[38;2;227;216;169m░\u001B[38;2;223;211;164m░\u001B[38;2;200;226;177m░\u001B[38;2;198;225;175m░\u001B[38;2;0;0;0m▒        \u001B[38;2;0;0;0m▒\u001B[38;2;196;136;101m▒\u001B[38;2;100;66;104m▓\u001B[38;2;102;68;106m▓\u001B[38;2;103;69;107m▓\u001B[38;2;105;71;110m▓\u001B[38;2;100;66;104m▓
\u001B[38;2;116;80;120m▓\u001B[38;2;116;81;120m▓\u001B[38;2;111;77;115m▓\u001B[38;2;111;76;115m▓\u001B[38;2;114;79;118m▓\u001B[38;2;245;221;179m░\u001B[38;2;243;217;175m░          \u001B[38;2;0;0;0m░\u001B[38;2;240;255;226m░\u001B[38;2;240;255;226m░\u001B[38;2;194;222;170m░\u001B[38;2;194;222;170m░\u001B[38;2;231;248;215m░\u001B[38;2;240;255;226m░\u001B[38;2;240;255;226m░\u001B[38;2;204;229;182m▒\u001B[38;2;116;147;92m▒\u001B[38;2;114;145;91m▒\u001B[38;2;116;147;93m▒\u001B[38;2;195;223;172m▒\u001B[38;2;239;254;225m░\u001B[38;2;194;222;170m░\u001B[38;2;194;222;171m▒\u001B[38;2;147;176;122m░\u001B[38;2;201;227;178m▒\u001B[38;2;100;131;75m▒\u001B[38;2;169;129;122m▓\u001B[38;2;168;128;120m▓\u001B[38;2;88;120;63m▓\u001B[38;2;88;120;63m▓\u001B[38;2;88;120;63m▓\u001B[38;2;87;119;62m▓\u001B[38;2;86;118;62m▓\u001B[38;2;86;117;61m▓\u001B[38;2;111;69;61m▓\u001B[38;2;111;69;61m▓\u001B[38;2;74;53;49m▓\u001B[38;2;96;77;74m▓\u001B[38;2;96;76;73m▓\u001B[38;2;71;48;44m▓\u001B[38;2;71;49;45m█\u001B[38;2;72;49;45m█\u001B[38;2;71;49;45m█\u001B[38;2;72;49;45m█\u001B[38;2;71;48;44m▓\u001B[38;2;85;66;63m▓\u001B[38;2;111;69;61m▓\u001B[38;2;110;68;60m▓\u001B[38;2;124;134;102m▓\u001B[38;2;134;142;113m▒\u001B[38;2;166;169;149m▒\u001B[38;2;198;205;182m▒\u001B[38;2;218;230;203m▒\u001B[38;2;0;0;0m░\u001B[38;2;0;0;0m░ \u001B[38;2;0;0;0m▓\u001B[38;2;0;0;0m▓\u001B[38;2;0;0;0m▓\u001B[38;2;0;0;0m▓    \u001B[38;2;0;0;0m▓\u001B[38;2;104;136;80m▒\u001B[38;2;135;163;113m▒\u001B[38;2;170;136;86m▒\u001B[38;2;176;144;94m▒\u001B[38;2;186;161;116m▒\u001B[38;2;192;170;124m▒\u001B[38;2;190;160;106m▒\u001B[38;2;227;216;169m▒\u001B[38;2;197;224;173m░\u001B[38;2;0;0;0m░        \u001B[38;2;0;0;0m▒\u001B[38;2;196;135;101m▒\u001B[38;2;100;66;104m▓\u001B[38;2;101;67;105m▓\u001B[38;2;103;69;107m▓\u001B[38;2;104;70;108m▓\u001B[38;2;113;78;117m▓
\u001B[38;2;114;79;118m▓\u001B[38;2;113;78;117m▓\u001B[38;2;108;73;112m▓\u001B[38;2;109;75;113m▓\u001B[38;2;111;76;115m▓\u001B[38;2;254;235;195m░\u001B[38;2;250;228;188m░        \u001B[38;2;0;0;0m░\u001B[38;2;240;255;226m░\u001B[38;2;240;254;226m░\u001B[38;2;189;220;164m▒\u001B[38;2;192;221;168m▒\u001B[38;2;192;221;168m▒\u001B[38;2;222;242;204m░\u001B[38;2;230;247;213m▒\u001B[38;2;200;226;177m▒\u001B[38;2;169;199;143m▒\u001B[38;2;120;151;96m▒\u001B[38;2;111;141;88m▒\u001B[38;2;110;140;87m▓\u001B[38;2;114;145;91m▒\u001B[38;2;201;227;178m░\u001B[38;2;201;227;179m▒\u001B[38;2;199;226;176m▒\u001B[38;2;146;181;119m░\u001B[38;2;200;226;177m░\u001B[38;2;200;226;177m▒\u001B[38;2;198;225;175m░\u001B[38;2;193;221;168m▒\u001B[38;2;192;221;167m░\u001B[38;2;194;222;170m░\u001B[38;2;194;222;170m░\u001B[38;2;201;227;178m░\u001B[38;2;196;223;173m▒\u001B[38;2;158;189;133m▒\u001B[38;2;92;124;67m▒\u001B[38;2;88;120;64m▒\u001B[38;2;83;114;58m▓\u001B[38;2;108;140;82m▒\u001B[38;2;139;149;134m▒\u001B[38;2;137;147;132m▒\u001B[38;2;74;51;47m█\u001B[38;2;73;52;48m█\u001B[38;2;74;53;49m█\u001B[38;2;76;55;52m█\u001B[38;2;80;61;58m▓\u001B[38;2;94;75;72m▓\u001B[38;2;77;56;53m█\u001B[38;2;86;67;64m▓\u001B[38;2;108;81;50m▓\u001B[38;2;137;120;91m▓\u001B[38;2;136;132;102m▒\u001B[38;2;124;135;102m▓\u001B[38;2;133;144;112m▓\u001B[38;2;98;115;75m▓\u001B[38;2;197;204;181m▒\u001B[38;2;201;209;185m▒\u001B[38;2;237;250;223m▓\u001B[38;2;0;0;0m▒        \u001B[38;2;0;0;0m▒\u001B[38;2;0;0;0m▒\u001B[38;2;0;0;0m▒\u001B[38;2;177;145;93m▒\u001B[38;2;179;148;97m▒\u001B[38;2;151;119;76m▒\u001B[38;2;200;179;133m▒\u001B[38;2;0;0;0m▒\u001B[38;2;227;215;168m░\u001B[38;2;0;0;0m░        \u001B[38;2;0;0;0m▒\u001B[38;2;196;136;101m▒\u001B[38;2;101;67;105m▓\u001B[38;2;101;67;105m▓\u001B[38;2;105;70;109m▓\u001B[38;2;105;71;109m▓\u001B[0m